0.9982082420167488 -0.04710126286653818 -0.03690225746765382 -0.030885331109575143 0.04690348873161681 0.9988801384381543 -0.006207397085482913 -0.07131031108817582 0.037153308663546276 0.004465431010539044 0.9992996005108985 1.3138417005232248
0.9997551915967724 -0.014799667224966465 0.016447696657324096 0.020211235130916595 0.015008981209169166 0.999807002326846 -0.012676299983398696 -0.059553801087604295 -0.01625691691720429 0.012920060596022291 0.9997843690949275 2.598035335523001
0.9997367025730443 0.021866523125756366 -0.006955623247917595 -0.01880685919382684 -0.02177072975798146 0.9996710009969755 0.013561898521586 -0.08523379128753747 0.007249886747781213 -0.013406897994850795 0.9998838403676198 3.8605113029144276
0.999774651057897 -0.01892862222082268 0.009610117735053136 0.00030610798368598495 0.018878295467901037 0.9998077370389847 0.005300841179563266 -0.1263382565436805 -0.009708607331200653 -0.005118223292617225 0.9999397715532748 5.170449256852017
0.9995810840036582 0.028149838255750213 -0.006726299744036514 0.0007543723911222685 -0.028165538557606763 0.9996007381516158 -0.002250938583107599 -0.17660622067199017 0.0066602509528466336 0.002439446205532216 0.9999748447633348 6.498733520445025
0.9994668441654412 -0.02806255689582483 -0.016688927899723326 -0.0594655634458803 0.028491630092089406 0.9992544432434561 0.02605349636624466 -0.12637743073238505 0.015945357993701448 -0.026515099850596722 0.9995212329102197 7.878629207555925
0.9999233036864957 0.0039391680348832125 -0.011741792873196332 -0.029963245914086348 -0.003895206512050219 0.9999853276943725 0.0037645401056156397 -0.19144227773491185 0.011756450088198873 -0.003718513957371564 0.9999239763778406 9.187960624621516
0.999921716345195 -0.009746193979194165 -0.007846839121529465 -0.05808669150196357 0.009793321871129024 0.9999341025194849 0.005990113962255482 -0.19916502757929805 0.007787941569846385 -0.0060664909462990226 0.999951271639625 10.485026359477251
0.9999984131362899 -0.0015341906555565638 0.0009055296429648646 -0.05612502045770517 0.0014966904445052167 0.9991964103935791 0.040053631224894914 -0.19267794068699592 -0.0009662515335083625 -0.040052211656272235 0.9991971210423973 11.823938369672767
0.9994872465574397 0.03171693453071015 -0.004390903438070717 -0.11326616778255777 -0.031562956736276904 0.999003522723666 0.031555369555270496 -0.21708930559816633 0.005387367911113145 -0.031400598813047 0.999492360481646 13.169446945093783
0.9998227040992056 0.018646961937126748 0.0026174755524670835 -0.10368758192693427 -0.01868027833808126 0.9997365075271566 0.01334026681200181 -0.2552549787280295 -0.0023680300923291987 -0.01338679609057362 0.9999075887920399 14.526836395155062
0.9986117427646204 0.03481531428026049 0.03952823173599305 0.009933025474692448 -0.03605981943799567 0.9988618540953793 0.031219959244694753 -0.2772428337023424 -0.0383963098332432 -0.032601998085929035 0.9987306108816305 15.814538001917086
0.999671965975839 0.02558070951707561 -0.0012600565875779473 0.031021359493856617 -0.025545063237256332 0.9994099498548591 0.022960877058865795 -0.29581313716143676 0.0018466689399205842 -0.022921156163952357 0.9997355702454195 17.098983764548343
0.9995794429930871 0.011478614423256824 0.026630406616348818 -0.039030310337955544 -0.01180190046672633 0.9998581735698578 0.01201448671069268 -0.3039262228785621 -0.026488719728024447 -0.01232372262608371 0.9995731456916025 18.52302741992902
0.9997883174089351 -0.01123918713473477 0.017233718262778704 0.018270495923302064 0.01064653275610245 0.9993615920093976 0.03410366192530719 -0.3410090137545359 -0.017606013209249118 -0.03391296271957794 0.9992697029623465 19.791152953983193
0.9998251411182022 -0.0053655502642940165 0.017913627726629272 0.11353141428288864 0.005221480264356591 0.9999537271144324 0.008079589952722916 -0.32712196552805173 -0.017956149912801304 -0.007984640800382406 0.9998068924505361 21.075935363672347
0.9996079635771162 -0.012371894490244116 0.025116834592222522 0.12846798086603176 0.012799220650623135 0.999774842491914 -0.01692466457585802 -0.3770723560994772 -0.02490178883400605 0.017239506107012505 0.9995412449429252 22.430458068735224
0.9998225796988549 0.0005663765244554214 0.01882786079085464 0.1497144143446731 -0.0005224293735517005 0.9999971280910708 -0.0023389906285899726 -0.39176841724903305 -0.018829131127841188 0.0023287401293416343 0.9998200041959455 23.725517272835173
0.999523658497414 0.0018454435568997817 0.030806662299304392 0.20026214848465296 -0.0018306805795370623 0.9999981955695001 -0.0005074114300900511 -0.4350411206379715 -0.03080754277051686 0.0004507732837037964 0.9995252333542607 25.119167327760014
0.9986710075157054 -0.04081905760283782 0.031464635449691726 0.2603069588814337 0.04076437781417907 0.9991659584278052 0.0023776081402331365 -0.4440446103849815 -0.03153544398978673 -0.0010918113316375217 0.9995020378770536 26.41558837879243
0.9995925955126689 -0.0030484833200700445 0.02837868470689611 0.28325561161380414 0.0037700697015128084 0.9996700460832729 -0.02540837535760179 -0.4683615764444079 -0.028291863696782896 0.025505014202073753 0.9992742690068201 27.746000289798424
0.9996943737828465 -0.016502351085446686 0.018407374488907727 0.3184614230973159 0.01640524068807484 0.9998507660126584 0.005414220337854074 -0.5131328002405343 -0.018493974495373346 -0.005110587494479157 0.999815910456933 29.047843932976953
0.9998646901493837 0.013667568646824906 0.009154177175541291 0.34630331914527424 -0.01342536126365182 0.9995713429336883 -0.02601711092114576 -0.5261669050616752 -0.009505843490999652 0.025890693130955267 0.9996195831158587 30.393608093133302
0.9997227712713141 -0.022652787787263134 0.006421199815361193 0.3613616579981386 0.022605020262543088 0.9997169643150133 0.00741648971578374 -0.5671602374828915 -0.006587386197391909 -0.007269281595256468 0.9999518807863582 31.632785796978688
0.9999771051870161 0.0008234940160048385 0.006716469265991173 0.36370480623149315 -0.0008761888282601266 0.9999688322694884 0.007846450326936498 -0.5949549557224074 -0.00670979808370048 -0.007852154866500746 0.9999466597142211 33.0442275999477
0.9994019575578988 -0.03456662266479567 0.0009358562867258133 0.37827504265714573 0.03456941490875092 0.9993973258028332 -0.003152892483440919 -0.6234227892584047 -0.000826307060157335 0.0031833596244777054 0.999994591704447 34.334465026697856
0.9998424590907395 -0.012215586335852095 0.012877750186040643 0.4017391861449892 0.012365258505770811 0.9998561704863002 -0.011607701002171561 -0.6495475642248874 -0.012734102762056913 0.011765109732657876 0.9998497011150346 35.577789306477705
0.9980148039892748 -0.06296206426329037 -0.0014931449877465999 0.29459599288911015 0.0626890533686373 0.9954040971461611 -0.07239313484288447 -0.6826002466265358 0.006044304231551738 0.07215581712232703 0.9973750570581589 36.91455078105704
0.9975694867727547 -0.06894524059311194 0.01008329606332012 0.31963533813908934 0.0694999279443261 0.9948957651133894 -0.07315857144024249 -0.7064622504376714 -0.004987892852768098 0.07368154759987117 0.9972693470011885 38.230072021287185
0.9959953006850807 -0.08729365071754393 0.019317855927594742 0.3753581114223682 0.08817773183140873 0.9947989394130236 -0.050987819641475515 -0.7361373164722985 -0.01476646926748378 0.052487034153663334 0.9985124248756871 39.4533843992158
0.9998474939495894 -0.0034132528137165723 -0.01712529617873295 0.3612145905302749 0.0033525158168250797 0.9999880014571357 -0.0035740230229828673 -0.7824915137877949 0.017137289996178664 0.0035160657918252474 0.9998469304854735 40.64469957448383
0.9997787744087459 -0.01732694807057558 0.011921255536209643 0.4034825830130434 0.01742536794323154 0.9998145316618405 -0.008202127221935706 -0.7861358431688108 -0.011776926145463176 0.00840804556734267 0.999895265819671 41.92697253865673
0.9992030058487791 0.03984435402581714 -0.002391187212181573 0.38108704108747776 -0.0395936199358168 0.9969506687298035 0.06724377622265823 -0.8239777708348228 0.005063180855502325 -0.06709550621059053 0.997733677428129 43.220729979576156
0.9997099015655766 0.015726164363819094 0.018241098853996447 0.3775262718384002 -0.015923022874915232 0.9998160029515986 0.010697366289006915 -0.8572700105434663 -0.018069513424137512 -0.010984715629925626 0.9997763562594553 44.496803995011604
0.99938626575658 0.033439203681428525 -0.01043305782234024 0.4098057329005688 -0.03340728266635489 0.9994366441279309 0.0032193012063721363 -0.8852136705046102 0.010534831457243054 -0.002868784566883646 0.9999403588362483 45.82374400056039
0.9998843357961195 -0.014586918895204914 0.00429814471039116 0.38387030685738854 0.014509417024120052 0.999740849101863 0.017542163943299532 -0.9049901110212196 -0.004552916494404709 -0.017477770514170002 0.9998368528502726 47.17792119866323
0.9999223118604802 -0.011521331873632168 0.004750408056591298 0.36819447423844626 0.011566742255940862 0.9998865900669982 -0.009645389514296556 -0.9182961207835316 -0.004638741110057985 0.009699587519222896 0.9999421652831526 48.51320834560977
0.9998074217293015 -0.0027414783687618144 0.019430413598636606 0.3699863858260669 0.002317714252060785 0.9997597096425677 0.021798331063677994 -0.9783208241870325 -0.019485503703288023 -0.02174909813109481 0.9995735219103205 49.85817218421866
0.999879934404347 0.01409105296222015 0.006441756222376944 0.37384113933295116 -0.014253417649436058 0.9995630573939283 0.025894988698985832 -0.9286262888551391 -0.006074053421878581 -0.025983695694352396 0.9996438802200414 51.167942280884105
0.999358402033753 -0.0014739577221025554 0.03578475868901555 0.33338507140952534 0.000828010752782851 0.9998365885000519 0.018058979923527802 -0.9782502699787743 -0.03580552845589912 -0.01801776228830828 0.9991963061392914 52.58062354294418
0.9993978664313726 -0.006170414119246181 0.03414334171212534 0.40683857404786256 0.00575636803321785 0.9999088729932509 0.012211715585474561 -0.9818677080101904 -0.034215580920972134 -0.012007820055727609 0.999342303771855 54.01819071275478
0.997263437571699 -0.00029508440174836936 0.07392892687661466 0.3878401032167335 -0.001245151987468437 0.9997831587219315 0.020787043888748816 -1.0085407399373847 -0.07391902883267239 -0.020822210702498522 0.9970468126152273 55.36127412658303
0.9981472342602421 0.017931091097422133 0.05814216999681842 0.4023192702444753 -0.01658737195809964 0.9995859489565049 -0.02351182258682906 -1.0194281906568294 -0.05853968782979649 0.02250383536647152 0.9980313703340579 56.688933135980974
0.998309615557934 0.004006241260967778 0.0579810204875947 0.3921975482830194 -0.004400649965587155 0.9999680383814015 0.006676268167120543 -1.0411711512650061 -0.057952419603021776 -0.0069201361232198964 0.9982953283505239 58.187752366416476
0.9983280158514933 0.010387803777487478 0.056861265550062726 0.4213939969915793 -0.013295821421786057 0.9986098816271681 0.05100530864920153 -1.034735336947503 -0.056252387568625696 -0.051676044617286504 0.9970783264788329 59.49883866069379
0.9971906643993727 -0.011185034147827424 0.07406491117326265 0.385732446262392 0.011283756903012877 0.999935926135024 -0.0009146123510164621 -1.0220136964216808 -0.07404993443450496 0.0017477740199135117 0.9972529700755518 60.9062719250078
0.9976330051220148 -0.024681366054120312 0.06418063946529555 0.4177854819675126 0.026289946217334312 0.9993579875404395 -0.024340655868734122 -1.0676750968892328 -0.06353867300603235 0.025970347648283626 0.997641374394601 62.304568396265665
0.996949044324641 -0.03160450850910458 0.07137012878884882 0.45107442537609316 0.033807433532366246 0.9989818541508625 -0.029871869314907627 -1.0916254803646432 -0.07035337671775782 0.032193572814818154 0.9970024624253017 63.677306993770756
0.9976014679395905 -0.02755430579356826 0.06349809932795354 0.47760063494383087 0.024813662625829184 0.9987429352236709 0.04355281333054476 -1.11535996128008 -0.06461834457956533 -0.041872729011473354 0.9970311318796505 65.10864737416239
0.9971400729648002 -0.030630129407085482 0.0690898493377413 0.5076868519743477 0.030444175377799233 0.9995294681130958 0.003743076304944455 -1.1284500149879633 -0.06917199016313674 -0.0016289871960789004 0.9976033861239018 66.51467013965043
0.9967201791394773 -0.003920290619972226 0.08082977816916852 0.4651914127106296 0.006810861578043877 0.9993458861432132 -0.03551658872003815 -1.130655354615122 -0.08063766973756002 0.035950621441091624 0.9960949015357846 67.89234808316283
0.9969670772034119 0.0233818956497867 0.07422850631369603 0.5463747329895112 -0.023599293168442934 0.9997193981749539 0.002052884742303878 -1.1606940036095037 -0.07415967620239364 -0.003798398045919399 0.9972391129644533 69.31301349666279
0.9973409120861978 0.007466873841904124 0.07249336587132535 0.5676926095869661 -0.005433226846644692 0.999587270212883 -0.028209667412025415 -1.1977331892769985 -0.07267408260915839 0.02774078294860506 0.996969839316418 70.71845682534568
0.996099481513713 -0.021097372888113447 0.08567765756943946 0.5709171697221708 0.021171783172524584 0.9997758599034223 4.015937389760851e-05 -1.2014670888900523 -0.0856592997657196 0.00177394672199369 0.9963228750284533 72.15745481930483
0.9963760039773382 0.005524185165448372 0.08487802600003751 0.6148644869984277 -0.006880825523702026 0.9998530923643504 0.01569917165539188 -1.1995170987440618 -0.0847788304040181 -0.016226307956508777 0.9962676300441142 73.48181574287904
0.9967740850806778 -0.020335308260231496 0.07763913813788163 0.6367255011969325 0.01942563362223488 0.99973374282858 0.012454086455494721 -1.212432817064877 -0.07787172266185344 -0.010905720391634044 0.9969037034241088 74.88306138851976
0.9958587885431159 0.01033549064389824 0.09032379606638077 0.6948092579069414 -0.013779352305542553 0.9991983257967724 0.037587913430705305 -1.2308630344370028 -0.08986289500234625 -0.03867685626966288 0.9952028409923185 76.29930931656592
0.9954352327309085 -0.025651014080733156 0.09192747214976624 0.7495767150117766 0.027674626913619094 0.9994004359710026 -0.020806241065343768 -1.2534634639543796 -0.09133865323963092 0.023255324365608347 0.995548278156971 77.72934394360492
0.994847129675558 -0.045410794916898006 0.09064758961258988 0.8035289555864215 0.05045230977166176 0.9972589462714091 -0.054121849390520754 -1.2679463160849251 -0.08794140219142754 0.05841634689197779 0.9944112700611808 79.11300633724312
0.9950817882390438 -0.06526968966637738 0.074512009415228 0.8545312033407929 0.06789853479128129 0.9971360959266394 -0.033307825424130036 -1.274710763218732 -0.07212462157628265 0.03820326703920212 0.9966636760604343 80.47092524943636
0.9981938996242236 -0.04876080231493385 -0.03509135245780353 0.8201962853465019 0.050169806699659106 0.9979208624915339 0.04045945420604918 -1.3191534927027422 0.033045555921093046 -0.04214690390241533 0.9985647806669469 81.73708339860968
0.998215555014844 0.004707323013560647 0.05952837090985105 0.8848505755795067 -0.0042504154717147025 0.9999605600018342 -0.007799816915500171 -1.3059332234583632 -0.05956273548587561 0.007532878312310092 0.9981961369134289 82.96738083498349
0.9985947723047 0.052948709427813385 0.0022349501966219517 0.8668632259758311 -0.05299167734568628 0.9981574031458267 0.02955850828525515 -1.3225431652231454 -0.0006657466970518535 -0.029635403430025527 0.9995605489954055 84.21403157927739
0.9981254890327032 -0.0031017858872728617 0.06112255863643452 0.8057886421201476 0.0016909834720707719 0.9997312864406227 0.023119693368511655 -1.3651802515063718 -0.06117784253761811 -0.022972996238327315 0.9978624677225801 85.49010347572495
0.9990392537204217 0.03933785964622435 -0.01931793029609678 0.821771817484004 -0.0401441560997768 0.9982555350514468 -0.0432938587442323 -1.37666398839936 0.01758114259796487 0.044027764337515644 0.9988755932825226 86.79303463820597
0.9983775665079763 -0.050967412462615054 -0.025389715776381716 0.7723034842974436 0.05214396422256675 0.9974823851901625 0.04806165795391742 -1.4272011592078695 0.022876215143591425 -0.04930759829900692 0.9985216226971799 88.00376224937813
0.9959087314474038 -0.08853518934434153 -0.018094169815512824 0.7618237351786056 0.08856696276734455 0.99606977377328 0.0009610495273701805 -1.519563838078858 0.017937968465084487 -0.0025596627074902763 0.999835820961267 89.30899014269824
0.9999499828506079 0.009240723823535477 0.0038367860266279876 0.7352822641797431 -0.009434765544366692 0.9984919286744205 0.05408214405825849 -1.512899687733169 -0.0033312410291021816 -0.05411563465405767 0.9985291144389912 90.6266639405865
0.9999771251337394 0.006661811231283273 -0.0012039880017898359 0.7129663435530481 -0.006592528773578336 0.9987026162676956 0.050494034887387816 -1.4516915919887061 0.0015388081148605965 -0.05048493917845517 0.9987236326676439 91.81988825043089
0.9970046026412529 0.07723837549892544 0.004016935295971127 0.6637067055382813 -0.07732681462567065 0.9965083119096211 0.03149242400426031 -1.5290224643592667 -0.0015704851802374733 -0.03170870618199475 0.9994959144447184 93.10554131925322
0.9992099741167232 0.036141783783165946 0.016531158379139228 0.6847040883621719 -0.03664406379098087 0.9988423737280717 0.031163275966000725 -1.5381478739669157 -0.015385723730371215 -0.03174442270177935 0.9993775875992743 94.38693061516227
0.9971840819549616 0.03250242193760261 0.06758386915942573 0.671900280999327 -0.03653191802343855 0.9975734931871355 0.05926693336696701 -1.550660060171255 -0.065493553362051 -0.06156900692760264 0.9959517274030315 95.6296070377695
0.9991004921367443 0.03562764830556829 0.0229990737869575 0.6383589489769281 -0.03540830915920623 0.9993241526904542 -0.009874929203364252 -1.573857223250999 -0.023335348614743526 0.009051688290925423 0.9996867108785801 96.83289680377366
0.9989554551928281 0.030324229073269367 0.03418361856693345 0.6036329300766361 -0.030969499356976363 0.999348978600984 0.01850766904629931 -1.5951693588509512 -0.033600131105271484 -0.019546984912332067 0.9992441833874576 98.15328371201107
0.9988555569987015 0.030325968503362756 0.03698637578723816 0.6210238414897618 -0.03181666569752701 0.9986767311039201 0.0404043471703201 -1.6051699709465477 -0.03571212938891251 -0.041534887008006414 0.9984986171441915 99.34859649842333
0.9988370174298709 0.012157999877659262 0.04665700116276794 0.5684218781521055 -0.012175107489706292 0.9999258896037377 8.241703438596296e-05 -1.6130291139572668 -0.046652538220136965 -0.0006503746717252339 0.9989109615744171 100.5860293314477
0.9983919118805888 0.003756268751121073 0.05656466072752454 0.5397191966387995 -0.003161078487212402 0.9999387476819466 -0.01060816675198104 -1.6432477408243291 -0.056601039420697996 0.0104123024388805 0.9983425753505354 101.8310969376519
0.9969527384928821 0.015002237996817944 0.07655227085696265 0.5903835550118173 -0.013964543212621815 0.9998034671466954 -0.014072787537974744 -1.6561093511356437 -0.07674834427687643 0.01296088632697506 0.9969662474424592 103.07824709123675
0.997811267144158 -0.004869371668881669 0.06594728566399083 0.6239042750801223 0.0008853298180060188 0.9981794706299756 0.060307423579146105 -1.7161164717226085 -0.06612088169655547 -0.06011703776228311 0.995998977026322 104.28081787447132
0.9961615666036095 -0.027218575541247094 0.08319472623956262 0.6349378016493585 0.026919164398597317 0.9996264889948699 0.004718667465467405 -1.7088061446611054 -0.0832920822588649 -0.002461022062099173 0.9965221341578488 105.54770459170545
0.9957128519289954 0.031022152533497792 0.0871413946545663 0.5747471121402454 -0.028128236510014466 0.9990176192357333 -0.034243590673048135 -1.7392503571408424 -0.08811809302885734 0.03164564826642271 0.9956072248079946 106.73287020162272
0.9938668558054184 0.037783347900843506 0.10392868545104929 0.6761216056645726 -0.03991165245661232 0.9990324126886289 0.018474932489703895 -1.753284902541985 -0.10313007423854585 -0.022509586869559138 0.994413142385817 107.91000833769891
0.9931735182419189 0.052046134760774077 0.1043917747054829 0.690748209013084 -0.0482581243505236 0.9980929736079021 -0.03849148221989728 -1.7860825128258022 -0.10619602320379602 0.03319096819216468 0.9937911026716263 109.17095337781439
0.9935597604236055 -0.016140168153191057 0.1121542578135237 0.7211371859800576 0.014553513274375669 0.9997823137915834 0.014951421862143224 -1.832331018905898 -0.11237115495834687 -0.013222891427836824 0.9935783160570365 110.40407771572545
0.9960525480354016 0.034562535244374415 0.08176082690624822 0.6887463444141522 -0.03727913888187155 0.998794466647448 0.03193593482967935 -1.8260410913211231 -0.08055846957310163 -0.03485784001487452 0.9961401786057315 111.52430721866105
0.9921358053330297 -0.016934479509835943 0.12401551228229349 0.7374549448989973 0.01771171365432341 0.9998297947109309 -0.005167353530034947 -1.8351872629030086 -0.12390689020595745 0.007323243748713757 0.9922668210333384 112.7606960559057
0.9899779203743232 0.003728589451672698 0.14117327969116247 0.8143515448370096 -0.00833764745370285 0.9994508350259774 0.032070808153113625 -1.8761255104660413 -0.14097616490176956 -0.032926442653513986 0.9894652908348506 114.02465296145884
0.9884068067042061 -0.04923853546164672 0.14362322650990073 0.864411572835856 0.05439790664372267 0.9979994497179957 -0.03221786538766826 -1.8956809549735993 -0.1417495319514813 0.03965715851442093 0.9891078664297537 115.18851786931683
0.988000880846887 -0.008727225275799144 0.15420173504694698 0.8483783769670528 0.015181995629414333 0.9990547956624674 -0.04073140075314631 -1.9039182226927067 -0.15370050156453907 0.042583747945202505 0.9871994589204706 116.46737291954591
0.9953436032740617 -0.05350962436863024 0.08017425788907157 0.9561689231922277 0.052079816161108045 0.9984462077218438 0.01982139675384859 -1.9405681533347205 -0.08111031411143914 -0.015553638527077612 0.9965837610238459 117.69518511370173
0.9993155199308591 0.01118370638199057 -0.035262127460694646 0.8929432410384612 -0.012461813945764191 0.9992654859704625 -0.03623696815941658 -1.9386054593150306 0.03483096351393523 0.03665159573660479 0.9987208863278713 118.75841783749489
0.9994109908696603 0.032232457951809276 0.011778848818310438 0.9360561010172834 -0.03270211106924624 0.9985766748548823 0.042132202498462695 -1.9707452178025977 -0.010404059443646672 -0.04249257915055258 0.999042581945887 119.84199831621012
0.997479573308915 0.051202278484780865 -0.049120553799890124 0.8428878371196499 -0.04904435218622475 0.9978192161674293 0.04417453435680599 -1.9826888369610791 0.05127526960693768 -0.04165410961812426 0.9978154770074147 120.92956105343563
0.9981329109426248 0.014527393065187221 -0.05932662336681172 0.8955411866719799 -0.018306675676233702 0.9978033839992788 -0.06366473612026655 -1.9733270533980625 0.058271423297028856 0.06463194286355027 0.9962063528534129 122.0402700721794
0.9959423805198881 0.030952187840216593 -0.0845028878113541 0.8482873948494788 -0.028865446628705663 0.9992501081328382 0.025805687501536154 -2.0412244544064913 0.08523826287666815 -0.023261763762161266 0.9960889885774858 123.19498252979974
0.9956802204341875 -0.00016496806064984816 -0.09284865490594206 0.7167233353608633 0.0013916327422636723 0.9999125710962696 0.01314684912624375 -2.035557699130517 0.0928383691310534 -0.013219268295301356 0.9955934071897524 124.24692747276475
0.9953197917661963 -0.01276388190267686 -0.09578933517592812 0.6347305520199581 0.014369823952544295 0.9997671772260728 0.01609427292465675 -2.082617379074369 0.09556160856152911 -0.01739542372417175 0.995271481797538 125.37573391501347
0.9932866112765927 0.019288977493916 -0.11405982860796493 0.5881531677037998 -0.017176659810035234 0.9996627817997051 0.01947334491645779 -2.0417717231452346 0.11439698733042068 -0.01738344537640094 0.9932829855551975 126.50262245180946
0.9888135492965392 0.03277847267329029 -0.14551061044804547 0.5011415067776879 -0.02917024962456724 0.999213410123431 0.026862309772888025 -2.093042513791799 0.14627665988353572 -0.022317234550290374 0.9889919231683446 127.58242931132607
0.9902262957027366 0.03541916091871747 -0.13489761908509218 0.4189667883016833 -0.03280160257771378 0.9992288852411323 0.02157813449044698 -2.154444236862546 0.13555787798672744 -0.016942377560914247 0.9906245312100828 128.736441741275
0.9869806888995815 -0.010309286331148788 -0.1605080672453141 0.4194915234515819 0.017461467661201102 0.9989132358123205 0.04321308350564963 -2.1567218602830645 0.15988813804330704 -0.04545318505595712 0.986088097260174 129.91399011185155
0.9848139630335424 -0.011942853706304048 -0.17320169674600333 0.15617677599577273 0.01644436511564924 0.9995626114564885 0.0245783391265244 -2.2363473300610544 0.17283240617665152 -0.027053283046715223 0.9845796176686072 131.08008264521834
0.9838788622030501 0.01750109954223364 -0.1779778000791679 0.07042191578000367 -0.012376465508684332 0.9994773288890022 0.02986332631184387 -2.2045497908543226 0.17840741867564153 -0.027179158959948293 0.983581227228642 132.21904721300805
0.9847730285297045 -0.0056207932472969666 -0.17375410861294965 0.01928668201372008 0.008487228740270103 0.9998397688163833 0.015758482208055855 -2.2551245351947937 0.17363769399451742 -0.01699321857580437 0.9846629504676099 133.44751449308416
0.9786521475279139 0.006092417053846135 -0.20543334171847688 -0.11577316466731702 -0.003966013392100072 0.9999341966960711 0.010761000675913006 -2.2413305479371775 0.2054853856689009 -0.009716524438653189 0.9786119198672237 134.64567840397163
0.9776606019963451 0.03730578854195764 -0.20685266916717016 -0.31520858542531394 -0.03195194302641635 0.9990637842931425 0.02916426530348109 -2.2600545853594247 0.2077470080028103 -0.021903407981573628 0.977937301498184 135.73529592604223
0.9733323483142569 0.04199975948605802 -0.2255219750364549 -0.49761634358304185 -0.03773811155032159 0.9990188225377841 0.023176567300294083 -2.3057666650645308 0.22627411000141967 -0.014047728667805823 0.9739623364069159 136.91188003525127
0.976237991150227 0.02624247867022573 -0.21510629522258934 -0.5555778191542999 -0.023441289741110354 0.9996040261755547 0.015563512099928083 -2.34013335174057 0.21542954560433997 -0.010151322204043125 0.9764665922678024 138.09746522397438
0.9689941797352651 0.04380712253313073 -0.24316911183520842 -0.725152013133296 -0.025858542951856377 0.9967326657976733 0.07651963674940364 -2.3410815023598754 0.2457267041466893 -0.0678590836205669 0.9669609484959875 139.2761719306332
0.9704913186819806 0.03291799323440402 -0.23887864571892206 -0.8510019730940217 -0.021759101514199818 0.9985517679988513 0.0492019740219174 -2.3744678858285497 0.24015232618768823 -0.04255230363081704 0.969802096285232 140.4613385364002
0.9662928016717394 0.049570642462340386 -0.2526281341011471 -1.0377956678403584 -0.05335071860112974 0.9985426984652844 -0.008130577248949436 -2.3933006451098335 0.2518569427932695 0.021334411616992018 0.9675292592602364 141.63517962465573
0.9642039219544808 0.0919501829670627 -0.2487085885853097 -1.1690179261826865 -0.0776999931808561 0.994753749459722 0.06654032698679559 -2.4223535005648644 0.25352219825434 -0.04483378832128884 0.9662900034119809 142.82566332882303
0.9667661909278841 0.00605497594456888 -0.2555904353477976 -1.3423913537749497 -0.004582262088357008 0.9999692576772872 0.006357097960473192 -2.4555087958050397 0.25562107204173445 -0.004974644380619095 0.9667642239545265 144.16023929048023
0.9662150864195218 0.02514767635342271 -0.25650731460431203 -1.4736818609631268 -0.02499421776230342 0.9996801108013614 0.0038589203954541846 -2.4717678111186023 0.2565223056222908 0.0026826532759955213 0.9665345593234119 145.30439065008252
0.9701238632878377 -0.007104200171537683 -0.2425061267588495 -1.644261832541501 0.018513095639843626 0.9988244082411998 0.04479947445492088 -2.5022517840965457 0.24190277608277505 -0.047950578073328316 0.9691149226292811 146.50034812895169
0.9660628036373127 0.03241543975326732 -0.25626529220749666 -1.819858459371001 -0.026775121595096707 0.999316938446987 0.025469109063703203 -2.5150931857305765 0.25691584166767567 -0.017743224021352796 0.9662708588063676 147.6959019990395
0.9691723523508652 0.025295730465472087 -0.24508177972889852 -1.967295272620546 -0.020751939665772746 0.9995618359713977 0.021104956517053245 -2.5611760118043394 0.24550826096637088 -0.015368417499520561 0.9692726395693351 148.94822500503136
0.9730550557321631 -0.015785627126200387 -0.2300318973240138 -2.166665765999414 0.02590685204675698 0.9988213197644026 0.041045490874329495 -2.5657222463304064 0.22911283631797227 -0.04589892444610593 0.972317099122453 150.13279997164915
0.9693152504116149 -0.0335684115315431 -0.2435181889775243 -2.2842285755925573 0.030427159080078384 0.9993982562052334 -0.016650513633058046 -2.609990567828888 0.2439305866996266 0.008730030873555174 0.9697533705588242 151.32385006393693
0.978739817988943 -0.011465791767870956 -0.20478502288566547 -2.5481385674790156 0.004863764964619792 0.9994529109052228 -0.03271312876256245 -2.6126243442275747 0.20504807079666348 0.03102161641400322 0.9782601352679696 152.54235945499966
0.9963195272759013 -0.07048154620488922 -0.048782702937761276 -2.5334813079993923 0.0738716751819617 0.9946951328457129 0.07158558865509386 -2.6969315266142475 0.04347845615870316 -0.07492578170023868 0.9962408173378465 153.65767562828188
0.997914250161463 -0.03937744842964466 0.05115238774951794 -2.503567062493174 0.04066902589605902 0.9988732317144643 -0.024458648801679587 -2.654290980705215 -0.05013163379348914 0.02648795445849848 0.9983913173726605 154.85174221214407
0.9996579683370438 0.01544296838842484 -0.021105969777034116 -2.52144826681709 -0.016012848836802783 0.9995043154913608 -0.027104246724681827 -2.6580153923491907 0.020676938701096433 0.02743294545591275 0.9994097821979134 156.05539689413538
0.9982571617305558 -0.029890228193735196 0.05088432179760561 -2.5859921789354767 0.02833734916245397 0.9991184821940963 0.030970653607026 -2.708930994997984 -0.051765188466564895 -0.02947474988014692 0.9982242330387698 157.29420812215918
0.9974202846544473 0.04022993461897846 -0.0594502229854139 -2.543695472228441 -0.04414997524436739 0.9968313174605117 -0.06616670174716607 -2.743006688880879 0.05659996437380024 0.06862074066856247 0.9960359697452191 158.57048574178845
0.9955064847981643 -0.07090348000562414 -0.06276572424911296 -2.5998174126743074 0.07239757307187636 0.9971363142863184 0.021856128409102032 -2.7540831841571016 0.06103631008399355 -0.026302003444441113 0.9977889498834189 159.8438829972588
0.9958129946649279 -0.06974995393577202 -0.059088276967999745 -2.617880721276542 0.07027808150148024 0.9975035044734031 0.006904927804606519 -2.880543873653515 0.058459147545313804 -0.011028626695625343 0.9982288878332464 161.17673308216786
0.9985414184002278 -0.011317054717910103 -0.05279167457463615 -2.636250738257078 0.01330604011582325 0.9992088242314398 0.03747803461623867 -2.9535471114626866 0.05232576836409131 -0.038125818263275615 0.9979020247450046 162.5006373334925
0.9987775141988658 -0.009262513108150046 -0.0485559870075424 -2.676089456506263 0.011651689227481958 0.9987231750525004 0.04915471447821966 -2.8541681470917344 0.048038695389947594 -0.04966038358387812 0.9976102170140653 163.79520158404216
0.9964562500954346 0.05387494728526183 -0.06459436967240993 -2.7310956772770236 -0.05012097808819475 0.9970346704558234 0.058392479556585046 -2.9091199191466792 0.06754872065716641 -0.054948019231655536 0.9962017368803441 165.1168870240684
0.9986054298077154 0.013229203746198608 -0.05110953550376712 -2.7951980706543775 -0.011654344444166244 0.9994517292283966 0.030989440172102818 -2.898091719300868 0.05149148143914445 -0.030350575036386027 0.9982121442746924 166.4088621544267
0.9986406984650392 0.05132158575541843 0.00910225782039198 -2.725969216074481 -0.051651615139027864 0.9978328133899498 0.040764143313258075 -2.9167361833107233 -0.006990451438062062 -0.041178879281585555 0.9991273435018787 167.75312393711235
0.996817065091274 0.03404979183551497 -0.07208572196626843 -2.7645722228517418 -0.03633087950371685 0.9988720146727321 -0.03057276079060801 -2.939309444888534 0.07096341717388753 0.033094390142093526 0.9969297717529776 169.02236712784372
0.9984541730770291 0.029594053295534908 -0.04704739277822174 -2.9278426246318214 -0.02882161401423981 0.999439746247389 0.017012830182106486 -2.96348594076215 0.047524514890988453 -0.015630548808806155 0.9987477767042229 170.36875821804017
0.9977770439964143 0.02884545664210626 -0.06007421241686951 -2.9463321288604334 -0.024818142987089176 0.9974617581864094 0.06673851165995291 -2.966503019775139 0.061846834992376774 -0.06509922593235883 0.9959603781414951 171.68180305229197
0.9980929801384534 -0.0031106549130588677 -0.06165004231120757 -2.968944124828001 0.0035104635468034347 0.9999734637005312 0.006377832287313356 -3.00213684972984 0.06162856974996921 -0.006582088783260291 0.998077457185132 173.08243677191768
0.9973223152964709 -0.029359369528458013 -0.06697930818692756 -2.9946133714786747 0.02700552814786095 0.9989946409663708 -0.03578179668719259 -3.0345226817743156 0.06796250386795313 0.03387717554010221 0.997112556379038 174.4427522210502
0.9981111820320759 -0.007750440001410735 -0.06094259491470332 -2.99731457278793 0.006138655700681205 0.9996275253108039 -0.02659051995397526 -3.057040436484721 0.06112598619017619 0.026166192178721126 0.9977870310053448 175.7389833142322
0.9980707850911096 -0.04171458243865809 -0.045984806754031216 -3.00646306331179 0.04238681738960232 0.9990067376680802 0.013741324885033655 -3.107633801948417 0.0453659201400176 -0.01566396383638658 0.9988476303070946 177.10590135800697
0.9966509299589301 -0.06303150570440542 -0.052095623551851704 -3.0771837538054543 0.0613246366923691 0.9975474348674662 -0.03373918090475095 -3.109445958445069 0.05409448940861576 0.030431443502788463 0.998072005671572 178.51147370155468
0.9990814597516273 -0.009846591689557616 -0.041704703634932415 -3.1721085890663545 0.007273297416636222 0.9980860201036037 -0.061411105043583755 -3.1444605057470585 0.04222957355671047 0.06105136974005706 0.9972408978844568 179.82757915681785
0.9987348385458823 -0.002694169643020749 -0.050214187410390757 -3.1628064208956728 0.0006891071216026265 0.999203209850423 -0.03990487138461332 -3.188876932098687 0.050281689880212574 0.039819785395740326 0.9979409558672014 181.11730363767683
0.9978073991471065 0.05011056208594748 -0.0432357105566503 -3.1930598468144145 -0.052960796625568254 0.9963117979674786 -0.06751209858856094 -3.2209085173065417 0.03969318093186411 0.06965387352508896 0.9967812219006624 182.4201784137422
0.9973331674208064 -0.055160243463164796 -0.04779018305140956 -3.254144696889898 0.05548632089535851 0.9984441386022768 0.00552254366129072 -3.2751681385829103 0.04741120539534802 -0.008159516386054909 0.9988421371461169 183.8587837868174
0.996207883680207 0.026194801526519432 -0.08296798032380304 -3.298165292854063 -0.02753632211310015 0.9995072232183816 -0.01506618408888186 -3.297314841543355 0.08253244342170155 0.01729368649993349 0.9964383268589192 185.04769112339162
0.9961699999205137 -0.07246688803710936 -0.04892731639076259 -3.307212488750986 0.07025966816601752 0.996494138586629 -0.04541958824042087 -3.3360475413389645 0.05204720253304632 0.041808017353174506 0.9977691082794643 186.40735392698093
0.9985747143453452 -0.025123863647364856 -0.047088557401581174 -3.3240605134113475 0.02461199255549878 0.999631824695514 -0.011418979052495847 -3.3684542903338306 0.047358111483863166 0.01024376232157334 0.9988254550488277 187.81223982147458
0.9935748103999626 -0.10735193836833706 -0.03584213107308348 -3.4355241923556896 0.10121201779525746 0.9845212390934087 -0.1430873349812202 -3.415494010252214 0.050648044361197304 0.13854032461094662 0.9890608520725084 189.1156507431062
0.9972786339939698 -0.04984040906369695 -0.05432550686469788 -3.50053894462239 0.03860863389958817 0.9808144308160063 -0.19108206063290534 -3.438761550358949 0.0628068518974426 0.18846463223662008 0.9800695877303635 190.5133535173834
0.9868398893942063 -0.13438787391981089 -0.0899273759005832 -3.5115613410543904 0.11592649008167269 0.9756982785682127 -0.18594043750783873 -3.4766317988406996 0.11273013092192147 0.17306848450026313 0.9784371376324721 191.8264027261389
0.9996831941029877 -0.02130055318302387 -0.013412853311212608 -3.5168426163093094 0.021127304116347594 0.9996932278398524 -0.012927791561740818 -3.513274911056149 0.013684107087586642 0.012640318894279797 0.999826521593624 193.151919869645
0.9988580041051839 0.035924806247063026 0.031499249243783146 -3.467069202639901 -0.036553809186003226 0.9991389835853897 0.019625266283508896 -3.5555940973283326 -0.03076709374043445 -0.020754270819287598 0.9993111386930829 194.52299110356083
0.9990959142910459 0.03473422294103438 0.02451519070748042 -3.4978671417493934 -0.03390410572582038 0.9988634470094946 -0.03350173735784589 -3.554295153310403 -0.02565098456942197 0.032640283224851546 0.9991380007947648 195.89735765034794
0.9980794928313403 0.0576165967812206 0.022754352038388076 -3.4422045550540377 -0.05746207755735589 0.9983203728239871 -0.007388058616365091 -3.6058557745282047 -0.02314180793198549 0.0060663579257429654 0.9997138399350559 197.29823225441672
0.999795176188196 0.01595211344853455 0.012459635594251247 -3.443875010052817 -0.015985632038647397 0.9998688757110673 0.002594516402388454 -3.6571808520331746 -0.012416613938818426 -0.002793159462251621 0.9999190625690919 198.7386807502504
0.9997321223220939 -0.01104542581432436 -0.020341802716199946 -3.5396657853671227 0.01135290239111611 0.9998221125464528 0.015063048602354204 -3.688627864522169 0.020171805592468905 -0.015289951107202507 0.9996796593833536 200.09467629661168
0.9992311816348871 -0.03817183463892688 -0.008947818764830615 -3.516849638768499 0.038166564814551454 0.9992711241469421 -0.0007578516441453723 -3.7234865002988338 0.008970224966874068 0.0004157621135034623 0.9999597331575144 201.52995423007465
0.9998177119950813 0.0065135984162819896 0.017950559556587926 -3.5148685795713153 -0.006485975024706233 0.9999777106422597 -0.0015971566595320205 -3.759226274892366 -0.017960562691452405 0.0014804392221072333 0.9998376529307419 203.01711593319322
0.9990639908798891 0.043257652650961376 0.0001561604313308113 -3.5127024760793772 -0.0432298349020282 0.9982781793038511 0.03964717723725646 -3.7410798081263725 0.0015591518377097728 -0.03961681648128585 0.9992137822448077 204.38927400623854
0.998222065293583 0.0592105612242927 0.006850151262586171 -3.4789588241239167 -0.059444954477274506 0.99736648203613 0.04155043273926246 -3.8165639977272416 -0.004371887143668793 -0.04188376424601315 0.9991129779088681 205.83449402160645
0.9997584153685164 0.011935298461894719 0.0184598570487698 -3.467218827250118 -0.011857304748602368 0.9999203481659996 -0.0043292274641078985 -3.802754489656243 -0.018510057305287656 0.004109297967935059 0.9998202824404516 207.18918758812174
0.9990677728057132 0.04007239943702581 0.016059106955048977 -3.4787057048670453 -0.04056537879880749 0.9986755952799973 0.03164721153282354 -3.823489599990375 -0.014769658587809001 -0.03226915162366603 0.9993701340190366 208.67268829522553
0.9993466614226078 0.03491890562801609 0.009328831922165229 -3.5081156515830063 -0.034951811711387656 0.9993832797166167 0.0033869815029673677 -3.8507446562247964 -0.009204809158642184 -0.00371082755108125 0.999950802278681 210.16131339256958
0.9999593881230971 0.008352530993335949 0.003400603224247784 -3.519012635126976 -0.008412343870419458 0.9998031721572799 0.017969139589792658 -3.8865263238735994 -0.0032498464069822407 -0.017997015882582554 0.9998328118481569 211.5255398257608
0.9999277218843213 -0.009403668566218848 0.007498586302121769 -3.4893168901651084 0.009169741402077802 0.9994883897933873 0.03064172112646218 -3.886048255186049 -0.007782894744887885 -0.030570745044909437 0.9995023570894307 213.0106941826856
0.9998013622353856 0.01991086889451673 0.0009487591554687107 -3.578658212568264 -0.019898870150788357 0.9997379052924856 -0.01132237832197922 -3.882179786252852 -0.0011739492427739356 0.011301250411409773 0.9999355025764676 214.4851559519182
0.9985931342194039 0.04776321308279244 -0.02303333535721362 -3.6126996299420537 -0.04710576518486029 0.9984892905114447 0.028288234003758943 -3.9180861590763008 0.024349674718338613 -0.027163432203039205 0.9993344520342531 215.97181587293645
0.998284745501772 0.05770539260489541 -0.009887433164355728 -3.626142466887523 -0.057753944590784 0.9983198216613292 -0.0046963948990337515 -3.9291266707281927 0.00959981259314411 0.005259378140940585 0.9999401423436735 217.43769162110294
0.9985011591981603 0.015186056275482682 -0.05258255933796392 -3.5910416974972996 -0.01237822393845159 0.9985008497598049 0.053318600542663304 -3.976429390337757 0.05331342795985442 -0.05258780404732012 0.9971922116599131 218.9045310734075
0.9991270817555857 0.006385976913342598 -0.04128438655510888 -3.671542356355818 -0.004595184466773041 0.9990503759628094 0.04332748701502218 -3.9795807329257267 0.04152186900092176 -0.04309995477642901 0.9982076106820058 220.44721136933524
0.9965316687656756 0.05349111707413049 -0.06374511991566072 -3.7932583094916232 -0.05433531183318341 0.9984555843306887 -0.011582770376929506 -4.011838668275552 0.06302709391001618 0.015006208747281964 0.9978990454263547 221.86590901974552
0.99632783433425 0.008601517800215161 -0.08518783477796914 -3.7527376109036577 -0.004362523816467215 0.9987485875580265 0.04982236244447693 -4.021717161854029 0.08550977544504729 -0.04926777087746704 0.995118520974583 223.35210387651918
0.9949722585881307 0.037979000620313945 -0.0926709605201029 -3.8499804657494154 -0.037405168791645564 0.9992688010042959 0.0079219473525352 -4.071903969696819 0.09290406492249279 -0.004415744232941166 0.9956653261283557 224.90091153370102
0.9944907642765557 0.02091208096360073 -0.10271762950052114 -4.013748131378352 -0.02099937663437611 0.999779482231119 0.00023163202332622104 -4.1044818521912525 0.10269981982447014 0.0019266508522146136 0.9947105814029796 226.43668687398434
0.9867893857662815 0.011020405693318192 -0.1616334296151699 -4.088668492815246 -0.009205975004432876 0.9998859947849709 0.011970297399741682 -4.112432739772565 0.16174691635557598 -0.010324168275755352 0.9867783197503961 227.80264343370777
0.9920292697294327 0.015424677409628357 -0.12506044178196304 -4.17371760553357 -0.017067642802348536 0.9997814238774363 -0.012076448216622598 -4.123394017581039 0.12484682825897535 0.014114677374068822 0.9920756781046688 229.30676900329678
0.9912655749331923 0.046748861991270416 -0.12331751954483784 -4.284148897396763 -0.04656811510484867 0.9989056686833813 0.004349286210380008 -4.154139385139363 0.1233858905359871 0.001431367320080287 0.9923577877634534 230.9290568931458
0.9909047826272429 0.008724524701019247 -0.13428217010087487 -4.376573028869638 -0.009681071484611494 0.9999322128647123 -0.006472023882853729 -4.208995401724833 0.13421659899655533 0.0077131551621847675 0.9909220542110164 232.48201029992583
0.9865928911954596 0.06353354837039249 -0.1503265181059335 -4.588776364433993 -0.07019755303411832 0.9967530758234207 -0.03944172850324374 -4.203991657914824 0.14733254285708225 0.04946548224947577 0.9878493779983017 233.94944533970437
0.973726344076459 0.015310146186298059 -0.2272063226388079 -4.746686604430229 -0.04057120846492072 0.9934382858435136 -0.10693170636789026 -4.227550576452668 0.22407831458819522 0.11334025283958274 0.9679581611557971 235.571540539372
0.9981903155696297 -0.029688457350184563 -0.0522940677079155 -4.686354271276488 0.032623456719935676 0.9978866379428216 0.056195788601043614 -4.3233235827259415 0.05051518796584009 -0.057800106637073835 0.9970493559268084 237.0296134077937
0.9970583492242344 -0.05950693692716589 0.048306860941917225 -4.644482765312467 0.06150494197535592 0.9972649632209937 -0.040984558239865305 -4.242594865745352 -0.04573587517541755 0.043835109062002844 0.9979913665117577 238.584517115794
0.9961318454883078 0.07220753395320546 -0.05007393092943066 -4.672393270104659 -0.0710375310600318 0.997166125504299 0.024766632740811895 -4.215660674162095 0.05172036795933271 -0.02111370309926805 0.9984384156151705 240.14449905303778
0.9955964443490865 -0.047391576886697664 0.08088101479283903 -4.73614952808439 0.044196269641531186 0.9981873248196926 0.04085037440167796 -4.25857919191554 -0.08267036965618986 -0.03709584902181302 0.99588632015045 241.71032935824098
0.9946538262078204 0.0743450367005823 -0.07166980983931326 -4.645236407414651 -0.0785568944833451 0.9952293510203015 -0.057856304466503576 -4.294710943731438 0.06702657261924493 0.0631771555482313 0.9957490347855209 243.2744085355946
0.99640894135021 -0.03985611721939696 -0.07470402687819876 -4.683290355135063 0.044476416859764244 0.9971316138397451 0.06124044247342382 -4.327492433332091 0.07204894428126318 -0.06434309357610936 0.9953235507278808 244.7833772515727
0.9964162401500831 -0.06438695375891204 -0.054854139908399706 -4.689139037120526 0.06596632248729817 0.9974432819909314 0.027483491014423465 -4.470205782054648 0.05294431802249358 -0.031003523106376406 0.9981160931678589 246.3679461481773
0.9984817419676124 0.03669054378743194 -0.041085217148942976 -4.681603877223712 -0.033673854616569195 0.9968465989915637 0.07185352019138218 -4.472970022072966 0.04359200622738228 -0.07036093222102142 0.99656867846958 248.01040244154797
0.9970362816222144 -0.04934858539563981 -0.05901991496663338 -4.669270322813041 0.05253840540241498 0.9971700011208161 0.05377456268685228 -4.340025507129467 0.05619919313438283 -0.056716003648609105 0.9968074038236876 249.4841248249133
0.9972655883439854 0.054891146587501494 -0.049480182351168925 -4.714077534241423 -0.05253594058733819 0.9974789008175294 0.04770551477696976 -4.437305186666134 0.05197405112498883 -0.04497558120507134 0.9976351787108692 251.0980733961588
0.9987333745262716 0.038726355046491995 -0.03212314035784655 -4.695916031931878 -0.03635398992171818 0.9967843902712877 0.07140914155727668 -4.3911587181858165 0.034785262823738054 -0.0701508904319636 0.9969297331098269 252.65371777843953
0.9964765014480557 0.03828522045194735 0.07462442007185104 -4.640626464468027 -0.041529791013311355 0.9982362427853079 0.04242262153546637 -4.44528438890143 -0.07286864320277144 -0.045372282953228385 0.9963089739001371 254.17318911189798
0.9983833523482064 0.03463179712257335 -0.04506995114584646 -4.625477712072702 -0.03830669158327098 0.9957790381884579 -0.08340685375970232 -4.463810632806725 0.041991185815492084 0.08499849902707622 0.9954958815452214 255.69592971087462
0.9989676425082633 0.04062825451037236 -0.02032176840715701 -4.72976147034846 -0.04139644024340897 0.9983841463357289 -0.03892852232399982 -4.4913742523736 0.018707335056300716 0.039729585378705676 0.9990353599133877 257.28750004605365
0.9973571129647113 0.06435735792535024 -0.03371794498238859 -4.7352156409973185 -0.062331479264170465 0.9963668087266436 0.05803419621484383 -4.502262240025239 0.03733037103028735 -0.055779130267555994 0.9977450509633615 258.7170592758127
0.9992180316953424 0.028083257220591684 -0.02783228185109701 -4.774228201689529 -0.026922384404755202 0.9987864224131464 0.04124156144945317 -4.520702018543707 0.02895670456202691 -0.04046000118038779 0.9987615092012382 260.2840590000462
0.9975832073108833 -0.06375028667078617 -0.027633775619606827 -4.778056812587558 0.06139505760473329 0.9949806474758832 -0.07901997734663234 -4.572475342214911 0.03253262033699316 0.07713242885410478 0.9964899757296208 261.8202142508884
0.9959950959175805 -0.08761346654332049 -0.0178221632430756 -4.70223908682382 0.08589275162348892 0.992978897650252 -0.08133475769629404 -4.594183342246904 0.02482305397910715 0.07947822887542526 0.9965275118241946 263.30517734743006
0.9972323515668305 -0.07387997150296863 -0.00832868017640523 -4.684169216200527 0.07426850966329542 0.9950736211197546 0.06567096613946642 -4.631644883555854 0.003435881912513405 -0.06610777243872125 0.9978066004167432 264.8706530783739
0.9976191284458483 -0.06855670550669034 -0.0074855062144027675 -4.690287932908426 0.06791505244951533 0.9954991246363656 -0.06609869339622224 -4.647715330326063 0.011983324937927465 0.06543294555985395 0.9977850391017786 266.4046348513769
0.9985832675522862 -0.05294095196937815 0.005356629858985129 -4.788328110674313 0.05318936919166874 0.9959889295013323 -0.07195097001056434 -4.681919448643134 -0.001525990317939697 0.07213395397787051 0.99739381326215 267.915467731491
0.998749638284081 0.04999136164002034 -6.247451414305483e-05 -4.712279599183725 -0.04992820118402318 0.9974233575784881 -0.05151523321369969 -4.703999950673065 -0.002513002359467794 0.051453942565277085 0.9986722341740433 269.3723979425256
0.9987432389597408 0.049349833589057264 0.008747380819960389 -4.706393996424105 -0.04843547490796603 0.9952360581384141 -0.08461200932036562 -4.730121631656986 -0.012881297023304317 0.0840819927206622 0.9963756045707183 270.92730511301806
0.9982099887534389 -0.05591668987871044 0.021216084938991502 -4.745958568009727 0.054923878113023406 0.9974849771640758 0.044800521366245884 -4.73602431731701 -0.02366782282522573 -0.043555059174755766 0.9987706672102169 272.4626230575092
0.9984028934247908 0.0518549873376408 0.02242103484431416 -4.715658408428423 -0.05272730538367998 0.9977977154329511 0.0402436220218617 -4.781443802160916 -0.020284824756701333 -0.041361550149246085 0.9989383378118922 273.7793299994178
0.9962767079940141 -0.08342707402261051 0.021739929689553437 -4.721037443312602 0.08286417536653397 0.9962314176496335 0.025622054919627716 -4.810245520336255 -0.023795573995702528 -0.023725195363764225 0.9994353107929052 275.27294845451036
0.9956697272281579 -0.08436373900549284 0.039045280594325056 -4.744155893543207 0.08292181380870337 0.9958620571702178 0.03718514021830918 -4.843112304164326 -0.042020791560142406 -0.03378641349571129 0.998545334993009 276.8513050986251
0.9907969593814827 -0.13229890916452003 0.028607062564293437 -4.814239183366131 0.13479324839969692 0.9836462425883249 -0.11946065627396482 -4.863119666514349 -0.012334714568028048 0.12221729918815796 0.9924267435394022 278.3397674625467
0.9957515290699975 -0.09064457785428476 0.01619978316680432 -4.776527818386849 0.0920430033038081 0.9848578848254615 -0.1469116435467642 -4.906294471027138 -0.0026377394133634095 0.14777857669838887 0.9890169812982638 279.8340503676827
0.9856674101022355 -0.1678997333645134 0.016413906078321643 -4.910026404994371 0.1685855293014796 0.9839102458720721 -0.059156961955272036 -4.918756393528908 -0.0062173714504444155 0.06107623947094884 0.9981137670430557 281.3505301831086
0.9992161874644513 -0.015619890482685231 -0.03637326431935691 -4.924764599386536 0.015489372978487301 0.9998725236763741 -0.003867343703858384 -5.012010590922502 0.03642903587487996 0.0033009136896426368 0.9993307663768426 282.5380716648724
0.9995654571015707 -0.0021040319092928265 0.02940160958150032 -4.854037298700384 0.0031458024251342477 0.9993671370855693 -0.035431199048952804 -4.96201844242241 -0.029308454079267136 0.03550829506737646 0.9989395010781078 283.7433585955539
0.9968936750149692 0.05837849625674618 -0.05286715915273149 -4.918680625430411 -0.05547039560838105 0.9969498924205532 0.05489888741357649 -4.999182093752266 0.05591082415708872 -0.05179579177425359 0.9970913333340333 284.99070027235325
0.9996302056738396 -0.015411533739304397 0.022403597014981232 -4.933877371176764 0.01528813444270292 0.9998670295933297 0.005668924326949176 -5.046767769427951 -0.022487984785317272 -0.005324318584310983 0.9997329110743507 286.2769971165287
0.9967695063651286 0.05519792709698276 -0.05834144883137673 -4.88733869166601 -0.05677527351092987 0.9980552790634577 -0.025732642244324228 -5.108797245460451 0.056807603528853945 0.028961865494166045 0.9979649582233304 287.5980031133645
0.9969143969126621 -0.030374120937488397 -0.07238150753105511 -4.941808399542503 0.03319684798953604 0.9987216016212344 0.03811918630070265 -5.16402188222018 0.07113113961122317 -0.04040440378334593 0.9966482812134922 288.8699030172775
0.9970864383818147 -0.038678328354454145 -0.06574652795169349 -4.9734305119472415 0.04021853994797998 0.9989427545488457 0.022266180731526797 -5.2006098756563155 0.06481580026105282 -0.02484553626151926 0.9975878721584802 290.1806553128098
0.9974045818711168 0.02853549885790479 -0.0661045383794747 -4.988812047646916 -0.027035695231056554 0.9993588083420412 0.023473048334214573 -5.228345331072921 0.06673196902773211 -0.021624943800996825 0.9975365444075585 291.52346725711715
0.9967574421441024 -0.00915945742278216 -0.07994179443193022 -4.976567217544432 0.01208443668386196 0.9992721168832277 0.036182087215893555 -5.218222531744748 0.07955219922271635 -0.037030816465836856 0.9961426190782072 292.7926993869281
0.9964279136568212 0.0499533127780016 -0.06808864850287616 -5.046933831865366 -0.047990223973623854 0.9983920516589357 0.03016935883929388 -5.298590397816789 0.06948622610452254 -0.026794001848607 0.9972229926952023 294.13554813356797
0.9982501622378828 0.01261059107656221 -0.05777171636424486 -4.975714935490915 -0.011818239921558372 0.9998316104912441 0.014036398868418573 -5.259599032229902 0.057938996572433836 -0.013329077334840822 0.998231115367012 295.5166203753696
0.9993524068218848 0.034707748257303044 0.009493356474075709 -4.984936112003686 -0.03495357746070316 0.9990217621885747 0.027087021281138567 -5.31561733698867 -0.008543939997710814 -0.027401306750182725 0.999587975513404 296.8412871491913
0.998227242216619 0.028505496235499472 -0.05224743254842006 -4.993284120695458 -0.029719052014802003 0.9993027555753332 -0.022599143179314145 -5.3604564867388245 0.051566804511347104 0.02411182513884875 0.998378403148951 298.12779041285677
0.9983382271059391 0.03367547134516349 -0.04676250159670246 -5.02311514895679 -0.035408763111270794 0.998697103293208 -0.03674582961693772 -5.395189652901826 0.04546414265878435 0.03834056952269685 0.9982299152871869 299.5320649791339
0.9989125930484223 0.021796396098675102 -0.04121326477382194 -5.027791373581733 -0.020704638087828353 0.9994281053115902 0.026734264539890324 -5.4027724538609805 0.04177240660582169 -0.025851887835438105 0.9987926197439533 300.8037828120551
0.9986188416414724 0.024691312525813722 -0.04637599412763904 -5.068635669099516 -0.02520108842138299 0.9996278583473336 -0.010439855547496307 -5.418920590919607 0.04610096286744972 0.011594162419095494 0.9988694749234162 302.16066054414455
0.9985982507783387 0.004479069732718426 -0.05273951178861752 -5.10809482866373 -0.006902580552816226 0.9989239800962271 -0.04586040771707308 -5.503520273184245 0.052477352063202504 0.04616016253510935 0.9975546692930942 303.5439551443853
0.9994488474767587 -0.008708092686336932 -0.03203365458506336 -5.033530063597776 0.006838060349510745 0.9982913723284011 -0.0580303152747393 -5.5129508457930525 0.032484255107139724 0.05777928468418864 0.9978007209582508 304.9155253215137
0.9989379896194002 0.0023921165988442065 -0.046012555897919284 -5.040577352845171 -0.000578883870060363 0.9992240956872426 0.03938035191601112 -5.547687481846829 0.04607105787235357 -0.03931189388095677 0.9981643070854127 306.2874785222996
0.9983868427940201 -0.036313634299206955 -0.04364649730164444 -5.029195094088488 0.03422411416402966 0.9982750265936736 -0.04770347906222 -5.578144133680442 0.04530349586898411 0.04613276401147078 0.9979074669827851 307.6977773899818
0.9984647652399232 0.019749939598016256 -0.05174975446502273 -5.132420012019074 -0.02284800856566994 0.9979383063348165 -0.05997537727878598 -5.628002622173431 0.05045855321778535 0.06106568090741217 0.9968574965037728 309.05058684186514
0.9952184956722421 0.08066173929966196 -0.05508007182242137 -5.077823846183292 -0.08099784581085225 0.9967066413479364 -0.0038936733901377566 -5.664686480608399 0.05458460393232375 0.008336423350149216 0.9984743243431781 310.4240764477338
0.9981748362025199 0.03930658802265197 -0.045847280584788805 -5.0876865351134235 -0.041694135924965035 0.9977586297045041 -0.052337906962471974 -5.71071972580316 0.043687296183796416 0.05415394545340406 0.9975764239682423 311.8585141849409
0.9984944714364202 -0.029709440623502746 -0.04610991515577362 -5.140445045769067 0.030207040810558167 0.9994922755774465 0.010132441563562602 -5.737953053031954 0.045785475780921465 -0.01151003085413609 0.9988849586967155 313.26999902253306
0.9973690275982933 0.04117365020063002 -0.05966353948368775 -5.119569061644137 -0.04040245431004711 0.9990843128921093 0.014075441171702438 -5.795287924964846 0.060188444734892245 -0.011627855507203263 0.9981192791495341 314.6121700341307
0.9987609429016043 -0.0160724107237986 -0.04709820776583709 -5.161962736129743 0.0170069645798522 0.999664984456 0.019509552376112748 -5.82949439018815 0.0467688645307455 -0.0202863764698116 0.998699698384613 316.0226319681401
0.9993445217683119 0.013046201256998352 -0.03376844786714849 -5.1920395299739015 -0.012051174321703965 0.9994919885447254 0.02950380751581024 -5.859638758057161 0.034136206482441915 -0.029077519057453302 0.9989940783637002 317.47900022038226
0.9994200312611806 0.001928893210717773 -0.03399801629232032 -5.138669503738466 -0.0022837581655786934 0.999943259103351 -0.010402098248014989 -5.886740396156016 0.033976023441291935 0.010473709018409607 0.9993677414064364 318.92436598615416
0.9984344423134422 0.050077351605620074 -0.024918023303286248 -5.177941527795064 -0.04974280735119219 0.9986657245581748 0.013869547039100266 -5.928151400962471 0.02557932662109645 -0.012608340901135238 0.9995932568313071 320.27663636864463
0.996944798013748 0.07012191279269898 -0.03440888964425941 -5.260234719002231 -0.06701828140854595 0.9941843133742394 0.08429734054635943 -5.968561110596289 0.04011986991226209 -0.08173377126123985 0.9958463425583919 321.72739773903925
