0.009240337275089263 -0.02487534640926123 0.8409266162967681
0.043450880309477635 -0.04727122797324513 1.651472720945109
0.09642909956609533 -0.06874939589732823 2.4213672305395586
0.16631886761688375 -0.09206382242421159 3.1514680293523916
0.2606380147048802 -0.11926417590490644 3.8676842443543262
0.37863899025622305 -0.14947862798647257 4.5985441699048
0.5129165435670255 -0.18068218022812974 5.302468328111438
0.6513670569312704 -0.21150479176366338 5.944571445158109
0.7872442825013211 -0.23978454317682257 6.4888402622171615
0.9156363435249951 -0.2648193172663023 6.9508857849035985
1.046223382124961 -0.2883487951232563 7.365225291793841
1.1916479820446115 -0.3127626603734503 7.771999055760348
1.36915244152694 -0.3382505269583553 8.21738378225104
1.5733298642559879 -0.36528692430825543 8.727304629739926
1.840477480741705 -0.3917244830251904 9.290610386435068
2.1279840415748428 -0.4191084220275045 9.879279197898278
2.433394729694813 -0.445831188568706 10.45661326727482
2.7587284112128927 -0.46794042895400295 10.979509622105114
3.074676966698465 -0.49046714697907784 11.468341415927965
3.402231009997778 -0.5089952734512498 11.920247641471295
3.7364291606818627 -0.5221939647558148 12.340459348342563
4.068765343662881 -0.5330045581346691 12.728947064485967
4.423408160645371 -0.5429314623677498 13.106260124281974
4.829654477408377 -0.5514104827229553 13.511682924019093
5.286800183327875 -0.5615642501028071 13.966124600586028
5.833548105395625 -0.5714995526532604 14.473709570498494
6.491082102367253 -0.5808275862569683 15.050320815569064
7.248736692602877 -0.5882482518099315 15.678654453607047
8.087315230443163 -0.5952420237034803 16.34124705269946
8.97018593196968 -0.5998392583788101 16.98654048945692
9.867939015025167 -0.6007775731081151 17.586702803892624
10.70376127083036 -0.599120864944515 18.10098689993629
11.469464052031078 -0.596769509329018 18.53248994231162
12.170156347946815 -0.5913537267525159 18.884452531893647
12.86260400306965 -0.5836634630050661 19.20536607002054
13.566255772839131 -0.5730842799068167 19.509110188404875
14.30356511438856 -0.5606451345943115 19.807181346037112
15.077226194018449 -0.5453148584727956 20.102999866026924
15.895581627874472 -0.5272815603542524 20.397227601677262
16.736013289496842 -0.5071290757006526 20.691602101688623
17.582426339406915 -0.48461454732531184 20.97646532994898
18.433520335335274 -0.4600190163777683 21.250296184619934
19.301235475170078 -0.4325211138420756 21.51402094227579
20.200295315232076 -0.4030229976011967 21.777080015548954
21.1442896104008 -0.37174355385705354 22.040706133741374
22.130122103008684 -0.3404377286480665 22.302545585731337
23.1942367457932 -0.30772396500649124 22.573419674194042
24.32664126098625 -0.271616546369781 22.848503036538826
25.505338408679282 -0.2324524536130668 23.126285368545652
26.692744478376145 -0.1941514702542862 23.403312108526993
27.888196173113048 -0.15582204904007715 23.67514367958578
29.107494025955848 -0.11657530092342923 23.949209994956295
30.347186140552274 -0.07364383486852571 24.224013507371435
31.590587219181344 -0.028532723093829537 24.49920888180909
32.81733468960331 0.018113162930676635 24.76908078901342
34.02100659240024 0.06393011240500147 25.03416753048518
35.199721291133706 0.10850744939822135 25.292862857275445
36.354189322967656 0.15189329288801318 25.54962007720262
37.47646988382657 0.19548983289960364 25.80091912918957
38.58499224335832 0.2409722407448373 26.05124735131387
39.67887284499868 0.2867302360136379 26.306341034266936
40.76218696372146 0.3347980096822357 26.560860359962962
41.83686833183405 0.3838080613718794 26.81951101989967
42.91897638083847 0.4323869789919664 27.086456810798456
44.03598563116125 0.4798617527101574 27.367317177341672
45.18432046435003 0.5250915706025545 27.659854430982424
46.35580580219882 0.5696024741095143 27.962916063779577
47.523125932097784 0.6152164477384239 28.268427062868497
48.67381681856688 0.660999168343225 28.57398800031403
49.80051670889717 0.7044966653061626 28.881106663830277
50.91214513448444 0.7457631369087924 29.186830495935776
52.01191815735344 0.7858402231277317 29.495352258084974
53.107453972901375 0.8279681954189654 29.80272631541039
54.18664379355266 0.8695811488324848 30.11367248453077
55.24951741857454 0.9111815035442397 30.420943354913426
56.28190098026638 0.9510913743450328 30.718764992725145
57.278178566718594 0.9877143290772825 31.005548234289424
58.237698046807054 1.021840535965354 31.277955303601882
59.16462564033787 1.0528207854141935 31.540091750265482
60.07757390250891 1.0836452993502206 31.793004484824845
60.98504455158149 1.1153914427064469 32.042832594701686
61.90019954869549 1.1510785840444386 32.28802226676997
62.82998036088209 1.1902783429708546 32.53221569419101
63.76530327806159 1.2325994479206233 32.7696104767291
64.70116356073626 1.2754690207273323 32.99967476572808
65.62563578501602 1.3166273921707492 33.21546888901986
66.54103330548188 1.3550870254020155 33.42549329379634
67.45399191969165 1.393491432005137 33.625530887005304
68.37042734650471 1.4330903129843398 33.821131856233215
69.29684982307693 1.4774009252437286 34.00935473980227
70.2438271945145 1.5272009595857838 34.19534283829229
71.23554821507979 1.5869794070808605 34.379596003056335
72.28687953489384 1.6607096088507027 34.56392350242301
73.39117442853968 1.7475714179399324 34.75152599395085
74.52870697417036 1.8428520876149892 34.945357058021266
75.70032766226055 1.9433847722191167 35.13841450807644
76.89693791345674 2.043758329497205 35.336004960089134
78.09890170721451 2.143553307334031 35.52956220878922
79.29300845422209 2.240096458047943 35.71350826973451
80.4470402787408 2.330884746100752 35.880010251398275
81.53107370035805 2.4144466553562416 36.02540266514963
82.55733884352932 2.494609428062519 36.15460754215604
83.53317450752093 2.5770835210458976 36.26760732735619
84.57015774037382 2.6700865322755343 36.378482160353045
85.69245701010995 2.769882454546679 36.492659890003985
86.90535498537288 2.875082105832948 36.607569566102896
88.13074240975557 2.980793139518408 36.720897181460664
89.31289459591245 3.0834759966025356 36.82143690795395
90.43169112521403 3.180549956407424 36.909976050155834
91.45898930262547 3.2683531617466506 36.98605055299574
92.4788454782687 3.3521811442273144 37.057644016250904
93.51205598137905 3.436624933335888 37.12676407402911
94.56034676704981 3.522787806137847 37.19890195620569
95.53850090257143 3.6028984265585398 37.27073298331922
96.46203600936724 3.677847781514765 37.3398442583196
97.33871801143421 3.7473808547564125 37.407282904413584
98.20459343318662 3.815837545299616 37.473717484653456
99.06528121456817 3.8848984683484447 37.53573490850735
99.95793717423071 3.9569222750550583 37.598803238165196
100.89614915606353 4.032657898838707 37.66379854521446
101.88211980908468 4.113680723575394 37.729352815409136
102.90741443479807 4.19921668473949 37.79588138034349
103.9844282829489 4.288614324146224 37.86869269064527
105.10503594214856 4.381612643841798 37.946731403213704
106.2406305612932 4.477379054265299 38.02800982857674
107.34789690162398 4.570669476944554 38.10941225856888
108.44093184266694 4.661395454109892 38.18878026128339
109.52547554814035 4.747768897923735 38.26524250149371
110.58304636449328 4.826968386175347 38.33901498687888
111.60205872841568 4.901074696423589 38.40371431233099
112.57196558522416 4.969630049805441 38.46231749957963
113.5346394242714 5.037267948636472 38.51993962386846
114.51070704341043 5.106445659737881 38.57790292074592
115.50271620862226 5.1788701642274475 38.63472967738312
116.50849485047145 5.255264793858161 38.689613512667684
117.50847821236302 5.333769285062289 38.73959619146482
118.49183311590353 5.413065963778032 38.784160818071626
119.47825029934127 5.494386300486825 38.827217509685504
120.49855700455149 5.579642273955403 38.87237568239154
121.58492411095114 5.672995248144125 38.920023022752346
122.70183863153734 5.770769168609868 38.968827983444704
123.82172168620046 5.868824675640904 39.016764666950365
124.92421811229433 5.965279432963789 39.059007674382606
126.00149933128127 6.0582829103500435 39.09872519454678
127.05915635531996 6.147929673284646 39.137797433487606
128.0932176838955 6.235670241491891 39.173288902611105
129.10194408141723 6.322201338234293 39.20485359467989
130.0699563150294 6.406349208937318 39.233797938498235
130.98189317995667 6.486134357057367 39.260825739237205
131.84696520583637 6.562629239500318 39.28530822674669
132.69034523448025 6.63733102660927 39.31153878332936
133.54561066969222 6.7132697632999205 39.33755803435425
134.45348909510557 6.793451697969335 39.36344629280272
135.4303866679882 6.879820620395737 39.39094687229222
136.50366712085386 6.974271162055153 39.4201132660398
137.64188488544266 7.073452051141473 39.44690140939988
138.811797569832 7.175110094545861 39.46881008822954
139.96560746400422 7.274395111531887 39.48386844497326
141.062297831747 7.366841250219985 39.49546039471312
142.146703976425 7.4583930746302345 39.50658978980643
143.23013245035335 7.550804019253271 39.514037479219496
144.33580592561637 7.643810940112908 39.51852885873078
145.42880861763686 7.734306660688812 39.51941244126684
146.44943406426364 7.8173260337392145 39.51537995545091
147.4129552005028 7.895167952716904 39.50647949543269
148.32074315222422 7.967632152757218 39.49244299050586
149.22871373596678 8.042593832172495 39.471477296550425
150.14265476353702 8.119419218236295 39.4487706270767
151.05982095142843 8.198235888407911 39.4218371538578
151.99675596634893 8.281307293755738 39.391301521230595
152.9388425799618 8.366366496734496 39.355363271487754
153.88714763612083 8.45180557191027 39.315766429472454
154.8541671705371 8.538693726166954 39.275718483197586
155.8539434483685 8.628182986849563 39.235686070889834
156.8979743363463 8.721414766670945 39.19425542649038
157.9598965236027 8.814033587789153 39.15469489037608
159.0335043425321 8.905258676881035 39.117593808128554
160.11410383034945 8.99661313725741 39.08023974017987
161.20692498834654 9.090150340095283 39.03688280655751
162.33903448639313 9.185920486706703 38.9894634565023
163.51481572279408 9.281553610455724 38.94346569908411
164.73791370073428 9.38150010887233 38.89328079730988
165.97963852952643 9.480044067069308 38.83738092935275
167.21240628227986 9.57705834890813 38.77742156546371
168.43379138858114 9.674445032802382 38.71443174179258
169.6613218187742 9.772685891624775 38.648416661134235
170.88521580476424 9.869929988810533 38.57685938568586
172.12286681813373 9.966532970066236 38.49811948189978
173.36371415834608 10.06188738106311 38.41373560452328
174.64563817243402 10.162494426141638 38.319585278268534
175.95803699339893 10.268767235563194 38.22182211445235
177.2857313181269 10.379851856978576 38.121701518453676
178.60694727725155 10.49227493778906 38.019445951172
179.92103714044333 10.60301483425479 37.917383002138294
181.1946637574377 10.710995209634715 37.81708091120057
182.4220467135476 10.814384738721916 37.71862867418438
183.60484825367223 10.912669392647647 37.622187724890466
184.77753688354193 11.00853965657289 37.5234965416093
185.95732247090768 11.103606838491064 37.42146266684005
187.15313824516718 11.199819773517666 37.31677412892004
188.37017252673917 11.298036583349038 37.2070131663748
189.59580640230084 11.39755256081949 37.0904607336399
190.79679635957348 11.492449552270543 36.9761981858497
191.95653392760147 11.582228100506569 36.86857362603637
193.068149634141 11.6660241573262 36.768731284397276
194.1381044047142 11.746551046807724 36.67476328439789
195.169257504413 11.823871613136054 36.584472670414684
196.12543294708823 11.89642772061753 36.49953812910853
196.99955313731647 11.96358070794053 36.422098983491246
197.80232222783732 12.02716615350652 36.3496608846637
198.5613265120157 12.089563295237005 36.28320216472755
199.34941026823174 12.15580041946112 36.212514931861975
200.1935351418558 12.225996169139734 36.13442270307023
201.0929614086039 12.29897946326702 36.04878857856361
201.961109863459 12.370403818634147 35.96273897558881
202.77653726402934 12.438195652061948 35.879330226149904
203.55649394051972 12.499258054428475 35.8015227515641
204.31672420358908 12.55859944615944 35.73097558518113
205.0263895058457 12.619140136806353 35.66255210622851
205.65128033666159 12.676972194816432 35.59672299786405
206.19930822470218 12.731707182752995 35.53147810930422
206.69456607491182 12.78546538524047 35.46141114109916
207.15512547103822 12.837755971107457 35.392458985753635
207.5884381923206 12.88782937645437 35.327968233096165
208.00001513477383 12.934282719113217 35.266213535099425
208.4069334293056 12.979377725638813 35.202050875440015
208.8074320975268 13.023468426793045 35.13571764077842
209.19911904997815 13.0681435519161 35.06619276935689
209.5897861336016 13.114722580148447 34.99396976146009
209.99887020212293 13.165281807150974 34.917303137154384
210.44379501815555 13.221220735860532 34.83366127708439
210.91126692733081 13.28002416950644 34.74385348496649
211.37673680922254 13.337021761595816 34.65281143132408
211.80921081834856 13.388964684877255 34.56399930812438
212.2081074417347 13.436799528224933 34.47946385300005
212.59062093963783 13.483843044137027 34.39218100595246
212.97676290764926 13.530854695144884 34.3000429467965
213.3702167653393 13.578050116060082 34.20509019145898
213.7749079637993 13.627230170913453 34.10637428728731
214.1954185695242 13.679415913669107 33.999967976903086
214.6472854448117 13.735193697424267 33.88557774061669
215.14020839178463 13.796622190883989 33.759329036048236
215.70240931731405 13.867561950808133 33.614519853477375
216.3252375561929 13.948627918414028 33.45277386660816
216.99247999016976 14.039326612309205 33.27839608091637
217.6492895258455 14.131215174763959 33.10539653026389
218.2830154980218 14.220030235012059 32.936589259731356
218.8752972457766 14.302159357910885 32.77465564095697
219.4334740592604 14.378733147148756 32.621010355591615
219.96765918216977 14.450546929979703 32.474179755354704
220.50873121435137 14.525384743771584 32.32058330085015
221.1011807752197 14.605976998902719 32.158979417097896
221.75452341934025 14.693364968566451 31.979273407278342
222.41967881974037 14.78409677806529 31.78838574279582
223.0821785380235 14.876396836413647 31.591758791536932
223.74762135343758 14.968666170611966 31.39446503503953
224.41853129375576 15.060234498080856 31.19817254088615
225.07688931187246 15.149601716183025 31.004437100605326
225.70625595203933 15.236290502159903 30.81231179877481
226.32673996012377 15.322404256497194 30.619528156643156
226.9401275596507 15.407683457037322 30.4271949834431
227.55695554208967 15.492817865468636 30.23566269347798
228.17168501414224 15.57617131978104 30.047997706651124
228.78417843208695 15.659482724293106 29.86311394957467
229.3955426373767 15.74414394307415 29.678557410584077
230.00477089184162 15.828667809816233 29.495164826125624
230.60228985691566 15.91028389018062 29.316677740078315
231.17747209704575 15.988944035001616 29.14298550082781
231.73744708627396 16.066591336383546 28.973024847632
232.2874012724412 16.14249472198883 28.808601248009975
232.8267092422025 16.215918691461322 28.649313451528528
233.35522406006564 16.287442778303788 28.493848438163372
233.88237798384426 16.358882938922854 28.338781502200906
234.40916699672533 16.43135921694914 28.181176949642637
234.94108617176397 16.505278724479428 28.023449495081138
235.4769238232449 16.578803404427827 27.868052566296974
236.01215714725723 16.651446441286048 27.711919270461827
236.5333155957214 16.721772314815524 27.55889563364594
237.04290499282536 16.790803789882045 27.407546443128446
237.5474320117343 16.85952531405685 27.25670058783008
238.0556398709483 16.929323782554327 27.103910783541703
238.56913328872764 16.99866205698999 26.951492327711776
239.07957186323748 17.068212536826426 26.798120500397307
239.5852130341588 17.1383789468245 26.644829606481657
240.0919068605351 17.209138307857522 26.49189486817375
240.60580518397856 17.281223278704758 26.336202889292718
241.12130080697315 17.35291421422639 26.181037531877703
241.62252479456228 17.423853916448632 26.025540749431922
242.11050921710967 17.494001223327306 25.873109296509185
242.59239354537456 17.563085878023138 25.723838672074425
243.07846290208266 17.632470508495604 25.573313842433567
243.57348620257144 17.703131659722224 25.41988119259586
244.0767995665466 17.776520772391617 25.26255071153978
244.59432575101334 17.85289874025388 25.10264501432909
245.1282409492663 17.93221543381237 24.93641206375504
245.66973891662522 18.012720505217803 24.76666625866295
246.20299569064238 18.09353792849973 24.594184609912705
246.735164130871 18.17639609256942 24.41900039474815
247.27678876970873 18.262070113149644 24.242493757075593
247.8410295082467 18.350119718335513 24.063683287788447
248.4163921532723 18.440884236357306 23.878016926406396
248.99194137978918 18.532891987024943 23.690748045266336
249.5653920608419 18.625749957629083 23.50421180800473
250.14174996133295 18.72021965518824 23.315525299075798
250.73122598329184 18.817213250483455 23.12334708712926
251.33691537788488 18.91692981149863 22.92608809962209
251.94708705932854 19.0175919476208 22.726654271513322
252.552856092115 19.118849296809934 22.52640912597552
253.14807009301012 19.21960845117139 22.328157855073076
253.73738992118857 19.31853526291707 22.13386345221555
254.31869269976983 19.415362352444507 21.942835082252152
254.8903273928269 19.510139835444473 21.755324899594854
255.45120838172312 19.604762556023147 21.56554417056388
256.00908243133654 19.7001223912595 21.373768721882584
256.5713112175268 19.796856656841644 21.18001610161407
257.1429009969393 19.894956178759667 20.985573834339412
257.7103200841636 19.991947604837872 20.79334714058692
258.25632115580567 20.087227830125858 20.60323982448854
258.78011897064926 20.179047896032557 20.422614463457307
259.2984582722785 20.270840730398934 20.243080095644704
259.82349490347053 20.363834742491452 20.06300424306979
260.35480763947584 20.458469881152737 19.879499350846714
260.8819935488812 20.55173712018017 19.697886589574594
261.40305082045074 20.644223351563703 19.515829335965734
261.92735536430746 20.7382836845062 19.32894699668353
262.4693277498361 20.835448338274922 19.136993440933892
263.0216674421386 20.933998776508094 18.943266572228843
263.56193016653054 21.02997924788545 18.75464921776418
264.07232213509116 21.122630480470058 18.5708206681186
264.56321023549236 21.213328266647732 18.390079851942204
265.0533090583381 21.304211520491993 18.208638164347192
265.5551051303216 21.396068793793074 18.026137728352452
266.0681627672305 21.488924366781852 17.84145592231548
266.58186480612255 21.581837625680212 17.656575877223467
267.08514241143695 21.67250601323245 17.47514761504416
267.57224099051405 21.760807343713243 17.297505363121758
268.05109346971085 21.848068331298677 17.12162011776271
268.5322584405063 21.93554286294895 16.945232356560734
269.0238937071717 22.024505373318576 16.76531232306265
269.5193074211904 22.113294117113224 16.58504891534908
270.01292031488407 22.20137206627603 16.404618373927264
270.5006467180111 22.28903246639961 16.224007334285545
270.9965317870896 22.377709534735217 16.043668770153833
271.50357437581073 22.4685254649786 15.858821142488107
272.01160703163697 22.559294863039042 15.67424110507411
272.5048379427777 22.648381140319504 15.491864224791037
272.9862051210026 22.73700891098048 15.312501551054591
273.46566218595945 22.825307073752075 15.136577151797917
273.94823498358363 22.91346059601844 14.962396792037005
274.42609548571926 23.000823475140972 14.790351492863495
274.8985765504889 23.08728353088021 14.62051145480504
275.3660795225668 23.172766691484238 14.452241715413093
275.8338448884237 23.25841174837037 14.28164809506648
276.3026262488068 23.344350516832833 14.109544843909395
276.7734922444709 23.43105888663716 13.937129251665691
277.2350723412222 23.515530843848666 13.769673146850424
277.69390461405504 23.599950104219083 13.602270007624641
278.1508308643928 23.683829762915977 13.434475474102873
278.61218337864824 23.767374564002075 13.266186076868104
279.0653946810019 23.848994373133753 13.099360030523412
279.5197704178196 23.93196711891985 12.9296333837494
279.98218928130365 24.01619770383729 12.75758529905819
280.45670988473574 24.103093718629225 12.579990136771368
280.9349875754242 24.190923201832 12.399511518336649
281.425514063862 24.27976021784238 12.214783778947613
281.92367792848484 24.370360542017124 12.022763651032566
282.45706942428006 24.467312847332526 11.816618655002022
283.02934338813776 24.57166548037202 11.59502890431013
283.6387423030188 24.683608736390493 11.359805335133514
284.25706863382976 24.797735053062528 11.123261412655856
284.8452345963328 24.90747176013133 10.897193491489674
285.37223491271516 25.007059386345066 10.692163002575676
285.83927086599465 25.09541724198943 10.507417198194563
286.2629221664894 25.17663289125269 10.335394555400576
286.67444192946084 25.256518742668394 10.167670021874235
287.07916898199784 25.33573301399298 10.002503506064835
287.4842411686175 25.414965689966927 9.837812173189308
287.8918869803792 25.496112105120368 9.669961353241819
288.30275553344234 25.579118025977998 9.499375671602325
288.72411570371 25.664474062250054 9.324654967659926
289.16000543724215 25.753981391730385 9.141187145021064
289.6153707564993 25.846705266536965 8.951605525441254
290.0819312322814 25.942384306673983 8.755061784386454
290.5534451829683 26.04010718983798 8.555538030125527
291.0312249343247 26.138711902944344 8.3556288905257
291.5159335007793 26.238612281118925 8.15406809004062
292.0038575510417 26.342109875163146 7.947226270532801
292.49627234244514 26.44861381322413 7.736509668061541
293.0030043962779 26.5602248738075 7.518918555748787
293.53192011186843 26.67759638274014 7.293972920664993
294.08705656125886 26.799716189399465 7.061912338115575
294.65071225377375 26.923729051006006 6.82538222399248
295.20674665870973 27.048347545536444 6.587442720525624
295.75242720349365 27.172504720511682 6.352256481757371
296.301303878587 27.29660536968027 6.118416241005381
296.84673928915976 27.420343126961633 5.885337416868256
297.3821137404573 27.542064829672068 5.656433717900774
297.89339691516176 27.65821600426536 5.436012307138051
298.3849852531559 27.770284123488725 5.220949903384414
298.864097076551 27.879478955108247 5.009102529116353
299.33560724347177 27.985787981851797 4.80234713964695
299.80504224612315 28.08978959146432 4.599497973535729
300.26454217237017 28.19101748336323 4.400113969200646
300.7176124156547 28.290843895464455 4.201647826491529
301.1662102704843 28.389901223489662 4.00484672276543
301.6102839860942 28.488356082700836 3.808670648005387
302.04559734017045 28.585036623955354 3.616117261716254
302.4701939836335 28.68016723774857 3.426945309875932
302.89070609846624 28.775759494273014 3.2378064559505266
303.3163710816812 28.87163269048284 3.049380716418603
303.74773860435005 28.96787854578541 2.859273704917067
304.1801175352142 29.064921660596244 2.6670459389024077
304.60721600724185 29.16231520800092 2.4738081430115844
305.0313304146877 29.259532656157344 2.2803105047080825
305.45724551782746 29.35734300813414 2.083740085662135
305.88774787869687 29.455833398083794 1.8848183803459404
306.3196457607157 29.555625677539883 1.683860788219587
306.75396798143686 29.65618286663854 1.4826954047473762
307.1937125094303 29.758397801977065 1.279547274225654
307.6362913295255 29.861568814166777 1.0737623243343268
308.07310709748776 29.9646608002662 0.8663518417260061
308.4983363425552 30.066053915515493 0.6618738443396619
308.9157090846378 30.16540638322565 0.4609183345910595
309.32754966131506 30.261720377440778 0.26368446266760165
309.73522419298075 30.356190298226867 0.0696132744618862
310.14267820491074 30.451102831506454 -0.12444812702165232
310.55398770052005 30.546343087309097 -0.31752482077832433
310.9709422870743 30.64329392569507 -0.5134047896072094
311.38593582793254 30.739299828701707 -0.7064555645127882
311.79884415652197 30.834352284405163 -0.8976473223422038
312.2067750402334 30.92727244688627 -1.0838697052602213
312.6126387795359 31.01989938192902 -1.267955647855421
313.01977323252646 31.11270790265677 -1.4516484639250782
313.4320389077502 31.205693308582052 -1.6342101252849472
313.85405255505117 31.29987480163791 -1.8186664911174133
314.28671875924414 31.395866606893424 -2.004164433611067
314.7208711890431 31.492460635022404 -2.1878516138537565
315.15266488681726 31.58718141586023 -2.3646643050636844
315.5831806718544 31.681230349014005 -2.5399389001679693
316.0200437487966 31.77545348060788 -2.7148838549596417
316.46372299698095 31.86987325838466 -2.890691932653866
316.89951998060013 31.964313725651387 -3.065256759892539
317.325462130039 32.05889009678077 -3.236871211897215
317.74401661293666 32.15155141992604 -3.4010166082767883
318.1665775838101 32.24451834475288 -3.564437611923248
318.5906525657273 32.34099352477611 -3.7325577438211304
319.02556867295203 32.44104208368688 -3.9040560786063914
319.4698919251249 32.541399095917114 -4.074280665107863
319.92228012606995 32.642627146570454 -4.245653374941159
320.3790553421483 32.74428157259986 -4.41755901597602
320.83716456654065 32.846412864056184 -4.590857287662031
321.2876491891493 32.94598996855369 -4.759998982076786
321.7281156817196 33.04389596658173 -4.92746670873889
322.1682582064163 33.14193663722829 -5.0936007735980215
322.61532183769367 33.241519933510816 -5.2605660336023545
323.07153805482227 33.34329473054317 -5.42768146098621
323.5288451849634 33.44497540766454 -5.59161426469936
323.98467331881875 33.54703784212794 -5.753887070900029
324.43468862618886 33.64798775192974 -5.912508605453049
324.88473105746846 33.748297995138046 -6.069677682136306
325.3313665155812 33.84826845273027 -6.22542374383031
325.77842636950146 33.94928498445301 -6.382413671715728
326.2175640660098 34.047649662417534 -6.534437924077183
326.6456525634147 34.14400156818691 -6.682247592960719
327.0651995618093 34.2385063584272 -6.826497663571901
327.49581178819113 34.334344837569006 -6.971167098176347
327.946058230347 34.433575144410746 -7.118619270108052
328.4185810868286 34.538662642433124 -7.272749560983166
328.8867311580598 34.644132360906674 -7.426191810915116
329.32462687241997 34.74502429851066 -7.571305383801687
329.72502967775534 34.83721603874588 -7.70264376793259
330.1042850137165 34.92445614706732 -7.826552881016284
330.4876211839401 35.01346813381568 -7.952157848719653
330.8892138672759 35.10779401624613 -8.082359746693436
331.3110563899399 35.20665457575136 -8.216573573974063
331.74235193398454 35.30504486341168 -8.351445524222243
332.17239415474853 35.40248980615422 -8.488371837914084
332.5977419087434 35.50493795781841 -8.633829770118496
333.0317483241943 35.61342335511466 -8.785044121939654
333.4810043289892 35.72031358293303 -8.93053499512052
333.91532631512763 35.8228275302572 -9.069996250907618
334.30324244959144 35.91555574749924 -9.194624062383703
334.6497425653234 36.00124102761507 -9.310137940331416
334.9767942274218 36.08445344318611 -9.420996303423717
335.316330022656 36.16927445108843 -9.531728720352506
335.6592308016217 36.25347019462933 -9.641695235089944
336.00496700616804 36.33797282342748 -9.75345288007908
336.35503074381916 36.42420976537293 -9.86958444648233
336.72076483336616 36.514437609241426 -9.991402748730884
337.0979058511237 36.60514558837213 -10.113840229342793
337.4807541493592 36.69643399669885 -10.236200380017493
337.8709789717423 36.791429397538806 -10.36230509707065
338.2818166128355 36.890398059670325 -10.491602779047405
338.711668979863 36.99158453146129 -10.622644927978016
339.13969272959787 37.093995485382976 -10.753385256277674
339.5601668281484 37.19562397584576 -10.876613201624776
339.98271009365413 37.29622006103649 -10.995380046985954
340.40327540093796 37.3939418566706 -11.111610280538192
340.81224598523403 37.49004394804586 -11.228623187132687
341.20743151688976 37.58466013086802 -11.345348955286264
341.60080098710716 37.679157378812036 -11.461672702355248
342.012106753606 37.77921539244414 -11.58446613026187
342.43696361043266 37.87948235069481 -11.705005100172796
342.85814277089884 37.97764263151483 -11.824275766962066
343.25871673170195 38.07087271067439 -11.940199746166567
343.64855206089004 38.16201093893944 -12.056686326179161
344.0438007145772 38.2525368535234 -12.174221813180315
344.4332293371525 38.34121353707639 -12.289325898552859
344.82116401242916 38.43101613645512 -12.402949732069368
345.2142455680784 38.52345752007074 -12.51510609901411
345.6313392560649 38.62152691997558 -12.632589967630924
346.0695890316613 38.723566513498746 -12.75519529141873
346.5192654936398 38.828590458488804 -12.884387525489524
346.9798880760069 38.934672063163305 -13.014406429773913
347.4634491361513 39.04626453586773 -13.14975113562965
347.9947557908129 39.167757724241355 -13.292135078504135
348.57444487829775 39.30011166569763 -13.443173149741174
349.1848022814358 39.43981075137694 -13.598936733735487
349.82720409460256 39.59186526534828 -13.76476701064138
350.5197402831601 39.75830041948623 -13.942396448008527
351.274263238683 39.939048401422156 -14.134647148235945
352.04933326274204 40.12180436246962 -14.330424605410553
352.8137926705513 40.30078351502061 -14.52414132011648
353.55100001943697 40.47311144052879 -14.713761625144077
354.2537844449315 40.6348166356634 -14.894809020077817
354.90128537636787 40.78300071423051 -15.065065177343262
355.5025736574216 40.919850973278976 -15.224489324937474
356.0880034240858 41.05272153843197 -15.377476184051478
356.6743019631665 41.18727747334398 -15.528467775026026
357.2669207730233 41.324206122109246 -15.677336622522148
357.8522262567816 41.46187206124411 -15.826062946410303
358.42466841268396 41.59824303808519 -15.973497321408324
358.9974851922551 41.73362916703901 -16.121254717108705
359.57538387764765 41.867350465817815 -16.269689655080104
360.15803357297506 42.00042604283119 -16.418085219713596
360.7292757281751 42.13010632799308 -16.56365616604436
361.2834431709325 42.256711336969886 -16.7084596672661
361.8262567140193 42.38100386743451 -16.849841190715495
362.3658152217225 42.50541921871359 -16.991679181101915
362.8945795437263 42.626030790483355 -17.128721622254073
363.4222216816113 42.74434004542735 -17.263338641913165
363.9451558637866 42.86000469321119 -17.3940644919831
364.45883313671493 42.97378140594981 -17.522671685714194
364.95200522587646 43.08571217557635 -17.65009740229792
365.4228969340894 43.1939181775196 -17.774721154685963
365.88552391854284 43.3004145475147 -17.898550942858865
366.3518535935316 43.407065787444786 -18.024103582431096
366.8295329155442 43.51492136451549 -18.1527651815043
367.3205814294338 43.62734750108674 -18.28726767841241
367.828537646027 43.74479827472156 -18.42543795203036
368.3602665072578 43.86454895646599 -18.56291259308212
368.91051198513185 43.99089567018183 -18.70790181651877
369.47774637460077 44.12351014051819 -18.860553184770392
370.0683223590439 44.26355280772813 -19.022821898274483
370.67769391804455 44.40752804428981 -19.190516402886697
371.2909823216091 44.55003431408822 -19.35627534876635
371.8853375259569 44.69058214311668 -19.518888985394092
372.46881995863816 44.82635726711094 -19.671247721803773
373.0371367388918 44.95775426882811 -19.819754846743596
373.5860655618767 45.085725364099986 -19.96649684545661
374.11810907160304 45.21210205690105 -20.112782585361273
374.64809470244427 45.33952622882298 -20.259339091251118
375.1877539230929 45.46979307221101 -20.409719425871227
375.74177148167496 45.602364313250455 -20.565218164697264
376.32117264591903 45.74205149334317 -20.727855780875142
376.91202109008253 45.8859114546594 -20.891259734266452
377.5093040702273 46.03268245034544 -21.05684647385958
378.10517514362465 46.17867838346709 -21.22185132647802
378.7029078872539 46.325713539974934 -21.388212423940246
379.30118366567484 46.47423615390325 -21.555713123427957
379.8960539058579 46.62043071115029 -21.718749345622495
380.49749280305446 46.7691072060346 -21.882436719504305
381.0991316020107 46.91815150892472 -22.045585052575923
381.68987557670204 47.06373501394935 -22.20384006546609
382.2578603238938 47.20132574782566 -22.353514475385083
382.80968960962826 47.3339997880112 -22.49821679801736
383.36667193375683 47.46753611539154 -22.642256630261954
383.9467136068451 47.605957436141004 -22.78795983176612
384.54535024410546 47.74915874940444 -22.935959936254573
385.1477102472385 47.893338453730976 -23.082247416259776
385.7375109320312 48.03486023955045 -23.223450093962864
386.31678677936816 48.17466437612333 -23.3619569320422
386.88586692733327 48.31420457976402 -23.498582711030842
387.456322535238 48.45271872537387 -23.633039452782814
387.99829167924884 48.58246470979097 -23.7599524865458
388.51993827221406 48.707954626466346 -23.88377906602154
389.0288482581526 48.829511551747565 -24.003384461591217
389.55631296865596 48.95679555352034 -24.12825795156819
390.1112317781476 49.09202007600039 -24.258887903179282
390.71519306231426 49.240832322265824 -24.40065483547459
391.3709628456845 49.40189753092276 -24.552389176519345
392.07125231041795 49.577648356009895 -24.71557915873141
392.81034957161046 49.7655296811652 -24.887256423929784
393.5688913262478 49.9600155882132 -25.066072721537218
394.32100246413336 50.1541220327366 -25.246717389677954
395.02901789968075 50.33545774361877 -25.415250494770657
395.70844185391604 50.50990359972357 -25.574389219290257
396.38326136408915 50.68236888791521 -25.729476584065015
397.0795082910616 50.860279040615346 -25.890694014565323
397.81074623032293 51.04733570431442 -26.06299620310086
398.5961921462671 51.24909229126415 -26.249111820455852
399.4274242118855 51.464507697148825 -26.447077655668107
400.2706879400773 51.68535100065622 -26.649728048550624
401.0908607123694 51.90053420909943 -26.846301414132366
401.8827350484236 52.108453593604914 -27.03720195756929
402.6716052542675 52.31402576610968 -27.225756190569697
403.47608611223524 52.52368144086733 -27.416839238426785
404.27960551184594 52.73242457357431 -27.60535937135367
405.05610202849306 52.93441046265123 -27.785245980015272
405.8019294815065 53.128169202020366 -27.95632491016216
406.53394406348065 53.3178305049783 -28.12148097470897
407.27066868494506 53.509740682268685 -28.288141369725118
408.0090201536373 53.70233318304101 -28.45603721196159
408.72766003658194 53.88917058095076 -28.61809938321467
409.4102710349191 54.066508073000996 -28.7735340354056
410.0595993439336 54.23437139067777 -28.921371131748106
410.694323342486 54.39774800004003 -29.06585948295102
411.3472305147101 54.56624767809954 -29.21493672982742
412.02608021074667 54.74114159903168 -29.37014203718326
412.7321023293441 54.92607791713225 -29.53390954458458
413.4547387080081 55.118152012259614 -29.705001630698526
414.17930962872896 55.312039212032815 -29.87837671325353
414.8900896107541 55.50277028336805 -30.049974595499993
415.5704329530974 55.68343083637513 -30.212434156479166
416.22520697798524 55.85638442338657 -30.3674284020383
416.85961724850205 56.0244745290957 -30.517648622641357
417.49308566228933 56.19272569450035 -30.666557159995897
418.1236884430078 56.36058892921566 -30.812822743485505
418.76866405747126 56.5331662231811 -30.95993806929166
419.4256102133989 56.710645437093525 -31.10930421333275
420.0980686733697 56.894155347118804 -31.26278682990721
420.7834563510603 57.0820452058835 -31.41893744730832
421.4630924588035 57.26909745940168 -31.577344461111988
422.13374639413246 57.45386696754047 -31.738094795480556
422.7920672029239 57.633612377671376 -31.899130968169466
423.4388869710604 57.80742765653499 -32.05694990602812
424.073935406003 57.97734444661617 -32.20911016318585
424.71378192428165 58.150337766574594 -32.359147854383195
425.3847698045365 58.334772579349846 -32.51514190956574
426.0984009372923 58.53498763598623 -32.682279478270644
426.8547225248513 58.75013552277095 -32.8602075619889
427.63361872428135 58.97378633699833 -33.04356989376926
428.42004364389015 59.20002498349838 -33.228199338604576
429.19141814645326 59.421268480450884 -33.408798485728
429.94698854182604 59.637811004880376 -33.58586901371993
430.6909864977154 59.85002673175219 -33.759140224118056
431.43721153804546 60.062798640490456 -33.932138466253065
432.1956531800468 60.28060327980585 -34.108178811729296
432.9720285668654 60.50570780676013 -34.28890206341305
433.7502235585387 60.73172114233766 -34.470674176850466
434.51440395208346 60.95380451074973 -34.64959997654981
435.2547458298686 61.16789763520574 -34.82299671847212
435.9763567736604 61.375333874445914 -34.991132908856514
436.6895083057892 61.5787458454136 -35.15375213794737
437.40747366774855 61.78233586128609 -35.314191562012795
438.12369146910453 61.98652496226791 -35.47399536292944
438.8328466878529 62.18992481865934 -35.63182460989263
439.54275658774947 62.39355591168665 -35.78773261234329
440.2650720109052 62.60139863512367 -35.94766643453462
441.00365583385377 62.81315503867229 -36.111419818665254
441.7370290297448 63.0224871819144 -36.27454202148766
442.4599806606182 63.22955615719225 -36.4381591514785
443.1576974263893 63.426895971544624 -36.59341223326977
443.8452149747521 63.6205887463644 -36.74517533556828
444.5164456359303 63.80916279578394 -36.89141324253047
445.1865286867261 63.99739395980965 -37.03674303493548
445.854707233837 64.18655574175938 -37.18284750692759
446.53554291343045 64.37996964238629 -37.332397885229184
447.24380225421294 64.58202753843058 -37.48818613753929
447.97128515254775 64.79017504750786 -37.64780383674147
448.70985479483636 65.0031229710422 -37.81138996845304
449.44578795059846 65.21657402034343 -37.97619883660136
450.1668088466337 65.42689411633961 -38.140511087185274
450.85996637946926 65.62748082956121 -38.29699956968396
451.5183502123541 65.81821972605762 -38.44759912597805
452.1493735811296 66.00069645358381 -38.59145646525253
452.7663837292607 66.1788830011752 -38.7319135482142
453.36609788772205 66.35173248181536 -38.868595333671614
453.9510676439228 66.52079024642944 -39.00315397335196
454.52005238390376 66.68667428581587 -39.13711158309884
455.08204201461996 66.85005620951577 -39.26948914832148
455.64033317820173 67.0125466931304 -39.40174228856869
456.2011081029752 67.17786867974452 -39.5368847116795
456.76665128243206 67.34607824691163 -39.67552019952634
457.33653749865414 67.51521777014989 -39.81522177501352
457.8997927558725 67.68322601434508 -39.956036206393435
458.4527620716841 67.84785375831053 -40.094065960153635
458.9940818445711 68.01130516425384 -40.232662815947755
459.53001184937517 68.17366162511269 -40.37008184006404
460.0622427762209 68.33394549407542 -40.505826359186294
460.5878731347841 68.49454933321618 -40.64404704340699
461.1076189625498 68.653306210645 -40.779619837732916
461.6336922841233 68.81345587523765 -40.91570160463757
462.17424048517 68.98029646837344 -41.05795559850601
462.7439104583572 69.15846904812543 -41.20920163274406
463.3410145370029 69.3454108525545 -41.36645283206731
463.9584952057483 69.54046885052082 -41.531422786186056
464.5919933638502 69.74074211735486 -41.700547809236504
465.2501098355046 69.9493593886459 -41.87666994651999
465.928091383362 70.16580623489332 -42.05946480700223
466.62521388258995 70.38963297412536 -42.2485460276115
467.33468961435256 70.62072622232434 -42.44658900198128
468.07610897175425 70.86510041096349 -42.658511258110494
468.8624104072352 71.12517500812561 -42.8854721964528
469.6786237722575 71.39767878017555 -43.124122047734474
470.5077139492106 71.67433945976097 -43.36473303112162
471.31009843663975 71.94551098613668 -43.60271970094033
472.0809892379919 72.20987397758023 -43.83682445054875
472.82361900619867 72.46408115576315 -44.06233307452309
473.54804882050416 72.71458007546681 -44.28584417569992
474.2570963065064 72.96238433797237 -44.50924552861083
474.9479888575823 73.2049021174085 -44.72955544855902
475.6078195112488 73.43771710950347 -44.94383289415172
476.23368987511117 73.65812027631193 -45.148972162148134
476.8310205019281 73.86977132795359 -45.34801808357375
477.41710153770384 74.07902632776016 -45.54552155821367
478.00901043393026 74.29203903718096 -45.74731068233672
478.6005116611477 74.5062044950946 -45.9514063355998
479.1814391638196 74.71593151989387 -46.152374568006024
479.7342217438252 74.91695196844093 -46.347603176332946
480.26003110023777 75.10910825718592 -46.5356147718897
480.7802610748726 75.30031879149192 -46.722660890747406
481.3197069604881 75.49911788750197 -46.91666650740915
481.88905947024676 75.71181270421928 -47.12432089869016
482.4865436916794 75.93710262324596 -47.34549403053385
483.09630531595366 76.16847936949699 -47.57408707556838
483.7088110322854 76.4023157315192 -47.806588074478704
484.31717930317706 76.63653080104152 -48.040996780455686
484.9307788813695 76.8746287510128 -48.27986417485357
485.57915329716104 77.12760626592248 -48.533351537818156
486.27589448627145 77.40103893421959 -48.80764852816982
487.00004191765436 77.68778359640694 -49.09590500274918
487.72857908674376 77.97958106282546 -49.3901126135934
488.45260972618644 78.27009524060585 -49.684334929883505
489.1748878679058 78.5603395402734 -49.979838442313905
489.88572484485127 78.84852826417276 -50.27397250205395
490.58598997149227 79.134591675162 -50.56558709964573
491.2821871347423 79.42087520783953 -50.859342442153384
491.9718471604767 79.7068535446358 -51.15516065335258
492.64975406665707 79.98724821097748 -51.44487629366528
493.2858940913323 80.25032448855299 -51.717219606464724
493.8677471325713 80.49054828676307 -51.9658528661179
494.4065328986909 80.71325199633205 -52.19652563489507
494.9206024476919 80.92727514813176 -52.42012922778492
495.41699937174207 81.13718006073125 -52.64183269384376
495.9067813929786 81.34592078758808 -52.861411472637556
496.39776345496523 81.55434681992352 -53.07875789762988
496.91232541591364 81.77020715523588 -53.3014914207934
497.4619622656732 82.00044643860159 -53.536714968374156
498.0521262329181 82.25204023332249 -53.79298532097952
498.668686182533 82.51648040144013 -54.06221935763405
499.2906556320985 82.78596741717067 -54.337916957846666
499.8864307197992 83.04410019587182 -54.60399497510379
500.4393398340772 83.28131058504789 -54.849650790317604
500.9459576356119 83.4975243427996 -55.07368021375799
501.42044406114024 83.70047105292865 -55.283378394620506
501.88070364856424 83.89990366657837 -55.48900945386541
502.3355624650347 84.09896228641175 -55.69383561170794
502.789225870905 84.29981964639842 -55.90105349890903
503.2430463062648 84.50374464797608 -56.11241716767967
503.70057722980283 84.71098991766969 -56.32718758895733
504.16327864338825 84.92132112923238 -56.5451860220439
504.6193906977841 85.13071014338207 -56.76324372891876
505.06099066064496 85.33401413319251 -56.975575085959164
505.48909967892325 85.53362786467547 -57.186537612786005
505.9129061796756 85.73204907806843 -57.39744530533039
506.34436736090737 85.9349612311767 -57.613258121135175
506.7796261454586 86.14152533502964 -57.83407511055785
507.21476513645837 86.34962135676327 -58.056929343001016
507.65306380674735 86.56147308929467 -58.28372251117865
508.0993777786894 86.77991914184896 -58.517208310798495
508.55723408553536 87.0064776237538 -58.75766149815451
509.01953289358727 87.23948045171646 -59.00440280084067
509.4821391189046 87.47585218605492 -59.25516270777366
509.9388985696257 87.71190845888272 -59.50625245634148
510.389428966399 87.94778153217192 -59.75896469321605
510.839172586318 88.18638745196736 -60.016598312891176
511.30417438459085 88.43596620682703 -60.28606505057153
511.79515891406476 88.70284189631279 -60.57323523538152
512.3247217198858 88.99574348872567 -60.887091826673384
512.8874402536305 89.31044430543663 -61.22460713339679
513.4608936698394 89.63323727511175 -61.5719276384677
514.0172685066105 89.94776225289226 -61.913131652863896
514.5433300595236 90.24678852494803 -62.24016089866698
515.0457889255298 90.53374133458486 -62.55591806380364
515.5331386222275 90.8152978475664 -62.86595361185208
516.0199161457374 91.1005677053337 -63.17918010247674
516.5047688280895 91.38721154337885 -63.493715016702716
516.9914612240308 91.67683715428612 -63.81074212216486
517.472790762219 91.96446550357534 -64.1261906716451
517.9484015275144 92.24819667361653 -64.43950345090504
518.4164782629917 92.53023464315567 -64.75277676546067
518.8853894336235 92.81474042391912 -65.06898688826459
519.3652176730526 93.10622725762686 -65.39301911714794
519.8525505096112 93.40235725839837 -65.72375605384765
520.3405285365917 93.70024164352688 -66.05591749490942
520.8164651990144 93.99133453597297 -66.38000524095278
521.2736927071646 94.27028794182444 -66.69091824031773
521.7093607571811 94.53748335220295 -66.98839115656264
522.1416888690936 94.80315160219143 -67.28316130080344
522.5760800872345 95.07134781664499 -67.57953745128631
523.018633629234 95.34675393520455 -67.88236674007597
523.4642770348017 95.62812671107172 -68.19149854227686
523.9091034758153 95.91165637849794 -68.50379205601837
524.3497647905702 96.19241563504481 -68.81797308589795
524.7909926283792 96.46909066589274 -69.1336750127063
525.2378637427759 96.74519127341986 -69.4482057141735
525.7013541403206 97.0338193792361 -69.77012892485425
526.1799740953179 97.33347506842233 -70.09951783831453
526.6484827766634 97.632184237006 -70.42612938920766
527.0948980769668 97.91870956972791 -70.74058541937181
527.525140428484 98.19081852780411 -71.0418558108706
527.9499579391601 98.45811119874494 -71.34035412126514
528.378554226839 98.72734173094065 -71.64106401590645
528.8124757620825 99.00408665991198 -71.94748725079626
529.2565098143936 99.28972043558151 -72.25982822178544
529.7113749155974 99.58521498626911 -72.58137897553566
530.1634372880308 99.88077019882539 -72.9034892991588
530.603042305938 100.17008179743708 -73.2208539339954
531.0208819204254 100.44645028667827 -73.52711265780582
531.4276319221264 100.71338897321226 -73.82620351187211
531.8376395094485 100.98473077475876 -74.13389454755007
532.2672527811161 101.27050400680771 -74.45777801389315
532.720713038369 101.57248443455603 -74.79827596304759
533.1825877404513 101.88003776950899 -75.1432168709322
533.6365615915073 102.1841433595624 -75.48374356840536
534.0847904300686 102.48669843229303 -75.82166640877641
534.5395222694266 102.79280216355731 -76.16253613503092
535.0012219799938 103.10547739364148 -76.5105041810235
535.4691133736316 103.42284155938407 -76.86493229218497
535.933032660647 103.7399104793443 -77.22135047339539
536.3971945154295 104.05865931917259 -77.57939476739624
536.8752884908416 104.38524036313522 -77.9435203115702
537.3822849693983 104.72679604734859 -78.32108170182691
537.9255060349523 105.09125663589504 -78.72022564083044
538.5020788213756 105.47902379317941 -79.13886371935641
539.1242090138481 105.89760599879926 -79.58649857045177
539.7875521952714 106.34566314672873 -80.06316701047673
540.4778883262517 106.81195148710935 -80.55569999072637
541.1696426646477 107.27983594449383 -81.04966498623277
541.8384537642776 107.7306146677406 -81.52708345023261
542.4664652781948 108.15511977036628 -81.97648025874034
543.0523248792288 108.55443800445504 -82.39757168600018
543.6050404808551 108.93037444132081 -82.79469025403644
544.1336670220941 109.29314812660355 -83.17748767762089
544.6563194552721 109.65041061003937 -83.55325432093842
545.1684191984175 110.00024244612608 -83.92223926459995
545.6681569627201 110.34068216460882 -84.28062004675516
546.1601263109973 110.67701215209301 -84.63366166816608
546.6552608748915 111.01463976354043 -84.98725441955995
547.1522049979652 111.35337425396246 -85.34199788383636
547.6584670064879 111.69868085399158 -85.70379127192002
548.1782415073253 112.05353804600374 -86.07563474212984
548.7201294372998 112.4231754076405 -86.46077710943635
549.2871781191111 112.81085829012541 -86.86133329349916
549.8744482563106 113.21298970411212 -87.27486136153121
550.4775516460506 113.6301804430059 -87.70345906451611
551.0819498112792 114.05176954417986 -88.13603488554118
551.6634424587934 114.46062522681851 -88.55634360318298
552.1986197592305 114.83852544222295 -88.94691305660066
552.6836363993162 115.18475857003853 -89.30780190623489
553.1406310333826 115.5136334564355 -89.65288756824322
553.5963273793169 115.84270272056374 -89.99975432022447
554.0587179520733 116.17764345230698 -90.35507023819315
554.539782108382 116.52788469904607 -90.72636839490531
555.0407739588198 116.89432021404356 -91.11372124776936
555.5580460741787 117.2757899749185 -91.51569558269023
556.0930190602169 117.6715689322599 -91.93203153058278
556.6456743911241 118.08272928419329 -92.36410645284151
557.2150062618574 118.50841064832528 -92.80980730334387
557.7801512816743 118.93447519975714 -93.25606419398707
558.3135693086659 119.34023181894878 -93.68329073881752
558.805145047325 119.71832274712773 -94.08499399462113
559.2618266875645 120.0741875225426 -94.46728330477333
559.7007679528937 120.42524556398241 -94.84655599757943
560.1342748882679 120.7771298951291 -95.22706757279931
560.5653199970553 121.1321646230708 -95.61181799803303
560.9855968638934 121.48654054509595 -95.99784199309124
561.4071225376639 121.85050532434691 -96.39593572208423
561.8286056196398 122.22427645618714 -96.80481868339673
562.2613867308725 122.61706453689918 -97.23373304104243
562.6931807325036 123.01977194979798 -97.6729638779254
563.1302155313441 123.43733745407178 -98.12718818288123
563.5662013886323 123.86472000526143 -98.59281428175724
563.9912376731099 124.29286269438398 -99.06113204019599
564.4021949900025 124.71836000776348 -99.52880927067714
564.798704665871 125.14094350918609 -99.99630148049197
565.1882132069567 125.56960531273188 -100.47543712215527
565.5688919022734 126.00090183962507 -100.96180260806244
565.9406198784943 126.43365830716859 -101.45037308432006
566.3122729052602 126.8773474142351 -101.95254236366576
566.6838941464001 127.32996257555732 -102.4657605093286
567.0608684965757 127.80154866153909 -103.00186909718184
567.4430345670899 128.28884675674263 -103.55914947450356
567.8274416821727 128.79315495023585 -104.13900886578045
568.216684857826 129.31306226840286 -104.7363344770451
568.6024096707583 129.84053957792247 -105.34189843977597
568.9764553033773 130.3766768990359 -105.95795019401955
569.3453010211232 130.91521061290848 -106.5790432180993
569.7067233998299 131.46281312778495 -107.21572774942406
570.058542998475 132.0094640147404 -107.85654148555008
570.4010129187614 132.55450830064308 -108.49848580517748
570.7305282705817 133.0975893166865 -109.14137108166643
571.0499098992764 133.64160288812187 -109.78773741166184
571.3620058079634 134.19065084948465 -110.44285456586312
571.6607265368465 134.7431477589611 -111.1071129321997
571.9517076381261 135.3008074400994 -111.78117098918592
572.2293923014545 135.86076747396405 -112.46205831256802
572.4903115447204 136.42107750700575 -113.14646178572865
572.7387849705391 136.98568373552965 -113.83885727178385
572.9777891439227 137.55695619536786 -114.54412661035052
573.2033589745163 138.13230746422607 -115.25894619765549
573.4164603243124 138.70818407495995 -115.97936964620962
573.6142203464532 139.27977425838827 -116.69766364331018
573.801409882056 139.85294652732043 -117.41842026728314
573.9726970061143 140.43167303486638 -118.14869411970608
574.1362149974447 141.01403490430124 -118.88522696372141
574.2872613480066 141.59880602790733 -119.62673874717319
574.4284710238106 142.18490301288088 -120.37325124562457
574.5512745267955 142.76844173322698 -121.12140376511822
574.6656815980581 143.34614665734807 -121.86471278032894
574.7615863365584 143.90939183970744 -122.5943835619791
574.8424301800352 144.44879405572283 -123.29784887039261
574.9072070479456 144.97377845692816 -123.98610624100473
574.9602611678158 145.4875950920917 -124.66447768934918
575.0019438303923 145.99356778556904 -125.33647674169633
575.0293868714444 146.49381100231358 -126.00587919303145
575.0446335990703 146.98931996704377 -126.67299266265486
575.0457730553587 147.47534793803763 -127.33000145397926
575.0316040376166 147.9530427646899 -127.97833502991287
575.0039370006115 148.42361742890844 -128.61988707709216
574.9712537532955 148.89344971341316 -129.26192074251156
574.9238612024461 149.36668272238884 -129.91140436603857
574.8665393449891 149.8355719637423 -130.5602072938426
574.7963779966867 150.2979665789242 -131.20292377060036
574.7151140456197 150.7540972679499 -131.83971126918962
574.6243186807427 151.20055676770733 -132.46629190902416
574.5196832306736 151.64695006018115 -133.09472009432466
574.4016440664018 152.08878624628682 -133.7201898639062
574.2732546858747 152.52688643317444 -134.343278908151
574.1338130983501 152.95963399000888 -134.9621791231414
573.9789169327292 153.38798692644295 -135.57727833807553
573.8138584836664 153.8139511938937 -136.19063415276935
573.6355436538449 154.23790040043454 -136.80186053048737
573.4469441336903 154.65815176035872 -137.40946018317797
573.2448331924392 155.07695975489148 -138.0166404180529
573.0338100660147 155.49298724749667 -138.62150939230042
572.8114449488145 155.90336354667647 -139.2204612539972
572.579065429438 156.30733677133992 -139.81257131160794
572.342595676767 156.70066724296285 -140.39098244828838
572.0937083840889 157.0866284575952 -140.9604199977201
571.8318530984405 157.47153053100234 -141.53046047585852
571.5574493605751 157.85726673185826 -142.1042927195112
571.2673631139523 158.24132880914772 -142.6785404166734
570.9691003946729 158.61885987223857 -143.24610113175544
570.6560705279146 158.9907691800189 -143.80685179537542
570.3323536073588 159.35896970829845 -144.36182668353547
569.9974535249477 159.72406448407546 -144.91275301328326
569.6542181121113 160.0820992958829 -145.45630341971022
569.294179188324 160.43440031052074 -145.99481023910596
568.9202270314523 160.7880621285907 -146.53798241584724
568.5277746401871 161.1430025056794 -147.08431535273897
568.1227311754461 161.49435361635844 -147.62787005030705
567.7024703486135 161.84480256589248 -148.17093897603726
567.2639207452964 162.19691304953054 -148.71552941308806
566.8033179566685 162.55521917331853 -149.2675768361602
566.3138203453495 162.91925517325657 -149.83149428903025
565.8095510833052 163.27948852850062 -150.39501649591173
565.2919696465281 163.6346951711359 -150.95471567422518
564.7634413364715 163.98544218883455 -151.51218464776755
564.2246686744695 164.32934925613176 -152.0631863824333
563.6743348085282 164.66987033255364 -152.6132982441173
563.1100022272527 165.00865381992497 -153.16385771215596
562.5181371004334 165.353972246783 -153.72630994557946
561.9077398928339 165.70133153247207 -154.29379948622076
561.2762185129153 166.05012454000237 -154.86600441246836
560.6325726511338 166.39728796623785 -155.43931292880995
559.9715155241481 166.74315534140538 -156.013136226974
559.3003042929344 167.0848809441348 -156.5823047052633
558.6164475907523 167.4235285050723 -157.14777672808555
557.9239015245108 167.75879213199298 -157.70808369491766
557.2232595984741 168.09185128225096 -158.26629231787948
556.5175902596761 168.41841964974228 -158.81672584332415
555.8117138634058 168.73646828402278 -159.35549748502322
555.1040823838894 169.04793668704238 -159.88520701330665
554.397404205334 169.3516880721179 -160.40393698534928
553.6912786975944 169.64876240516418 -160.9136894219094
552.9820818374156 169.9408503177576 -161.41630298005646
552.2627966666158 170.2332212738095 -161.92018623222768
551.5251569952425 170.52790388893598 -162.42827743656423
550.7709968300555 170.82674738344406 -162.94324224228254
550.0094967702671 171.1260738989214 -163.45921736599382
549.2503383326091 171.42052471565046 -163.96782558649258
548.4981224673522 171.7081056226502 -164.46725851926013
547.7623443260742 171.9852745040656 -164.95131394880758
547.0456529911935 172.25141518221076 -165.4197110606581
546.3482395122971 172.50515518360078 -165.8696958611853
545.6618994406089 172.75178076273264 -166.30840077209677
544.9712436079582 172.99562207921403 -166.74198668419808
544.2699281529113 173.2399360012607 -167.17700820298924
543.5645477619631 173.48271920054023 -167.6099961793521
542.8595510648468 173.7212030377992 -168.03523463257116
542.1584658354137 173.95564779312494 -168.4542811239268
541.451576436091 174.1872485659898 -168.8700608175112
540.7354503600429 174.41562318488792 -169.28467288718048
540.012294947408 174.64126050803017 -169.69862456097172
539.279824153319 174.86563787151087 -170.11155239566477
538.5428364909841 175.0873908795114 -170.520536697065
537.803730623239 175.30647448060736 -170.92468930332078
537.0715208715969 175.51706145733584 -171.31546422662976
536.3465279992231 175.7181383608276 -171.6925497499766
535.6294230660721 175.9100175162385 -172.05701624175356
534.9053938933654 176.0952296312054 -172.4126326874365
534.1660253177984 176.27690420822634 -172.76478890909002
533.4056999208899 176.45526954072798 -173.11346191999684
532.6286292163401 176.62884958944676 -173.45603607478273
531.8261349085047 176.7980896582095 -173.79553123486497
531.0116668816797 176.96148164228208 -174.12926093522182
530.1750933903991 177.11972308948228 -174.45918044735467
529.325548584259 177.2712382395669 -174.78456783865641
528.4671658072439 177.41734842954475 -175.10577833908326
527.6026327908206 177.55592526398658 -175.41843425983805
526.7352328950807 177.68501351426877 -175.71975827768094
525.8718946872481 177.80508021294455 -176.0093113520584
525.0069171918997 177.91471446182115 -176.28761104274372
524.1546542339645 178.0128952453271 -176.55072431306544
523.3231263587265 178.10053195611513 -176.7971671995453
522.5173488461833 178.1789844417415 -177.02904404521703
521.7223932444554 178.24833556055788 -177.24586807138274
520.9248106362306 178.3109995298591 -177.45328769481617
520.1223172985221 178.3663683715651 -177.65005494673173
519.3187946986842 178.41196571007674 -177.83239931851327
518.5088861391255 178.447808954339 -178.0045100895548
517.6824551814595 178.47386976651754 -178.16837540637485
516.8360028538441 178.49129066312008 -178.32560713809107
515.9829052405987 178.4997761311915 -178.47396136905348
515.1371170352137 178.50078878751717 -178.61015758608474
514.3214288870943 178.49810641813588 -178.7338625838422
513.5151252198384 178.49014349464025 -178.8465379780783
512.7284677455248 178.47587801966532 -178.94630796782806
511.9333856767754 178.45294917394045 -179.03213090130686
511.11456061294535 178.4204025085017 -179.10909967999336
510.27169766033467 178.37537632247918 -179.1733672617864
509.434074622004 178.3201161082085 -179.22420785924788
508.63511388310945 178.2584590933482 -179.25917138505193
507.9042046688023 178.19385320592338 -179.2791416234003
507.2429742678093 178.12745890556607 -179.28790470571215
506.6333407142824 178.05953829943257 -179.28776937306273
506.03420742124376 177.98709575049676 -179.27928970698923
505.42130399960956 177.9067331160202 -179.26233908606937
504.79390874083896 177.81735869719677 -179.23507951685377
504.1710997562852 177.72414820288736 -179.1986238268576
503.5594132860507 177.62880649376999 -179.15490595052754
502.95107978070604 177.52948521490222 -179.103165805872
502.3460665905465 177.42858543835035 -179.04761200275624
501.7465166269748 177.32306686987405 -178.9853063125154
501.15109827077805 177.2094674072925 -178.91153070286862
500.5727128283158 177.08994682841362 -178.82405429303296
500.0075125309494 176.96950698716202 -178.73086680477218
499.43904829116093 176.84496773618397 -178.63180047786332
498.8621714628226 176.71310797304773 -178.52237955993908
498.29154773134394 176.57862364896525 -178.411877619747
497.7382587158213 176.44060139843455 -178.2938536859418
497.1884155372383 176.29853742289185 -178.16397009729218
496.6101023924147 176.14568701464748 -178.01818972545388
496.0105536452671 175.98441380903594 -177.86152773337528
495.40215754633505 175.81590848978067 -177.6956092425213
494.7898934356909 175.638219864594 -177.51794800098077
494.17068501740664 175.4492398420753 -177.32584415532332
493.5438568497286 175.2447105434615 -177.11483742956827
492.92150117902844 175.02898431890367 -176.8873522634032
492.317060187796 174.8115945452028 -176.653839991207
491.7262902394646 174.58625970245993 -176.40862342313454
491.16057523597675 174.35360596818347 -176.15192241116662
490.60195887982667 174.11317562884844 -175.8838407283863
490.0425827611452 173.85793836952385 -175.59545998301934
489.4771938599836 173.58770621370974 -175.28468982147464
488.91473442115415 173.30856824003658 -174.96058795738097
488.3438911378651 173.0152440441207 -174.61815251208202
487.7588215365735 172.70488921293037 -174.2535184675524
487.1562299867611 172.37629339398364 -173.86488017202797
486.5466672027243 172.0331277321336 -173.4568262916489
485.947290488686 171.68503751026316 -173.04029058347103
485.3658188386865 171.33909023355176 -172.62446627116438
484.7953377466011 170.99364772148854 -172.20832273615403
484.22522536559717 170.64259831064115 -171.78463573631885
483.64818234925514 170.28114479073722 -171.3476920623495
483.0686056676415 169.91564942757398 -170.90459398723235
482.48803940629585 169.55070936136988 -170.45757643042825
481.9017541097105 169.18487373471717 -170.00472193593302
481.3093538360579 168.81669343186326 -169.54545195528854
480.715691597054 168.44615905292457 -169.08191523114533
480.13351415573663 168.0811338667195 -168.6246513005357
479.56554443782125 167.7221863579877 -168.1738364038192
479.00718887330027 167.36602773755612 -167.7268206563843
478.45596180325975 167.0112375528952 -167.28272025874705
477.90398390091326 166.65456314481168 -166.8343854343633
