-0.005651835502086639 -0.024572923213720323 1.043589921207428
-0.01143697969220599 -0.051707471128077304 2.112963527763985
-0.01809479591998245 -0.07650073330492954 3.1602400011768355
-0.02675065972405157 -0.09717965358415935 4.170149957969379
-0.03564248373612687 -0.11405548762957378 5.107972055890696
-0.0457319575741757 -0.1312917982486323 6.022762942561192
-0.05535223274664995 -0.1503359373749492 6.922426087862315
-0.0647759494923385 -0.16926664746903272 7.846199330966488
-0.07465100096036734 -0.18619088404591805 8.808450576292142
-0.08685755632390489 -0.19766624721406387 9.812921511363383
-0.10354689068758932 -0.20511229298594327 10.88883077366349
-0.12494586186117748 -0.2116244918781634 11.99364738075342
-0.14690696431651218 -0.21698528167038758 13.047881544425243
-0.16643084257146193 -0.2236994297547399 13.95838847407314
-0.18235961366462766 -0.23117357888819123 14.71961528744441
-0.1989655824768021 -0.24085980395076695 15.395422532680465
-0.21541567804112194 -0.2518121388956963 16.05099885394886
-0.23426905165485323 -0.2628641317353425 16.746989725655457
-0.253828318519418 -0.2739996025761317 17.54145345557534
-0.2781879612085226 -0.28543573382471776 18.472451664582128
-0.30647347219581605 -0.29826583878551677 19.530182146366233
-0.3317663642963192 -0.31210803573967144 20.6711862248921
-0.35688900359076065 -0.32864263859484494 21.85854243240048
-0.3798106714463411 -0.34606767926320064 23.050333742377326
-0.40013995784712403 -0.3629706618994866 24.211557233360093
-0.41715046268000955 -0.3759777247053214 25.33150899380168
-0.43423172705733865 -0.3854090195976733 26.410604977851072
-0.44885929234255223 -0.3940287730253929 27.44769987002157
-0.457810995758861 -0.40356156688371614 28.433136275808355
-0.4648145095906448 -0.414537487573858 29.37840086983749
-0.47030506071703404 -0.4265269157500082 30.308545544275916
-0.4748491950357936 -0.4393653963791943 31.234733890674406
-0.48163078621954236 -0.451358726936827 32.15062942356273
-0.48897044642393134 -0.4611025387530091 33.05521441217214
-0.4994491139162431 -0.4698797512176766 33.94226076033504
-0.5103089867733654 -0.4793469984652921 34.802116105029235
-0.5224479350802068 -0.48996155764406163 35.627696896389935
-0.5323008942383475 -0.5015840588977671 36.415599898781224
-0.5419826981001609 -0.513330551474516 37.17201632102478
-0.5470542867885524 -0.5238302110336287 37.90330678164827
-0.5513881288951189 -0.534084498781647 38.62825064474983
-0.5537333967390596 -0.5436530521528823 39.351749373563024
-0.5564235248546745 -0.5523481270609745 40.05676240981659
-0.559316667688026 -0.561366097592439 40.73155859652118
-0.5639224210037908 -0.5716180485259064 41.385723316853316
-0.5629459491448593 -0.5832669316556481 42.0571556078474
-0.5587118969220783 -0.5961663499517398 42.75495179033059
-0.5528078033178102 -0.6098788587474351 43.47285150961674
-0.5441466044945851 -0.6232251629083864 44.170358687369
-0.5313092227598595 -0.6350253825410532 44.82905575882655
-0.5143416023446706 -0.6445864482513758 45.44878374314732
-0.4939049205808897 -0.6548353897228795 46.05283360960002
-0.4681930070139082 -0.6671096153225743 46.6541860715636
-0.43495393885105005 -0.679758099983143 47.256250823743336
-0.397306502370117 -0.692229671093147 47.87798209463613
-0.35567498286107313 -0.7044540007489283 48.51567965970861
-0.3086590464030445 -0.7163782729464735 49.1524691549176
-0.2530395251005894 -0.7293022564542098 49.79710051825295
-0.1885789726210591 -0.7425739889278354 50.4588279343709
-0.11610897301664139 -0.756526164405059 51.143119721764116
-0.04058452585338289 -0.7691029601617271 51.81552699160345
0.03790514329279929 -0.779680279830161 52.467338715485795
0.12309317784519216 -0.7892902244038722 53.12322327108432
0.21808018293577242 -0.7983237365407984 53.79519533635865
0.3245014641017016 -0.8083559337759384 54.48896628555841
0.4419424053072647 -0.8188149026170772 55.20010276752649
0.5747910447863094 -0.830482242811837 55.944780148885776
0.7219144688103402 -0.84585476626198 56.69425586442573
0.8839987257903509 -0.8660311756086606 57.426633007150194
1.0548767373891552 -0.8886699864929366 58.12634133773273
1.2410295671027824 -0.9123345568003628 58.82272695609605
1.4393767799636807 -0.9361719694578375 59.51448601226718
1.6551733448750454 -0.9614974595537479 60.196977688249156
1.880928490276355 -0.9857097648532599 60.8688308887843
2.1198099244518827 -1.0079607457730593 61.52556676751602
2.3721628546453477 -1.0281434569445362 62.16999181578205
2.636219939741598 -1.0482136441324394 62.788553778697356
2.908346995931032 -1.068887937625272 63.36811621424741
3.1816661476162484 -1.089383702674354 63.90666735965542
3.466049362070139 -1.109218124316052 64.42243404144742
3.770182744375983 -1.1284124211740225 64.93188594668987
4.095619985559369 -1.1476358914879077 65.43015859097703
4.4315271501306 -1.1667916145728507 65.9178173041188
4.784278880121479 -1.1857121606870533 66.38729289781745
5.152846256559765 -1.204596220932713 66.83362465721956
5.53817032070354 -1.2235920856307227 67.26195622539915
5.950777910932077 -1.2438546554581082 67.67865719531657
6.381730011077013 -1.2644760832428423 68.0875323337563
6.84032833402392 -1.2836082615488544 68.47610359077045
7.313861529976126 -1.3013326931373583 68.83905770930073
7.794812253104082 -1.317319796808752 69.17916711259454
8.291894546502148 -1.3319906293676849 69.49233945286291
8.787709366130189 -1.3431472358881693 69.79065550200808
9.290366852575453 -1.3499867345144052 70.04692161200687
9.787141203909862 -1.3559082807514204 70.2729033839509
10.282918001646408 -1.36260722165004 70.46257189336886
10.786710231678004 -1.3715204243589199 70.61960840085321
11.287054923267675 -1.3817328784508773 70.77868865503142
11.823081281532366 -1.3895199969984386 70.90493715469744
12.406034016461735 -1.3950603587657795 71.01163110435976
13.032977228636376 -1.39997394876726 71.11262064051783
13.709807773117811 -1.4059979605137034 71.2027133180655
14.427776848876585 -1.4140478318300207 71.2694671873528
15.211451006965117 -1.4242987870042079 71.3230722521569
16.06003235260606 -1.436739047929627 71.36472982528217
16.97802198328523 -1.447924730884087 71.39752085626455
17.933800581128544 -1.455656770478151 71.41877806658546
18.93037964351555 -1.4608180956063839 71.42673828075631
19.95111836902414 -1.4659543096198444 71.42145707674403
20.981856199993352 -1.4679634098802792 71.39779786699668
21.986705830030104 -1.4677973481866513 71.36281043136508
22.94546715782259 -1.4675563865681893 71.32829511710965
23.88075559792897 -1.46883585588201 71.29601188835962
24.808658374623196 -1.4703743505271687 71.26130502010446
25.742674792395587 -1.4681074803973178 71.21923778681894
26.646268698571856 -1.46140951860947 71.17507535274747
27.516816874453163 -1.4526129785361397 71.13260038617018
28.35507666806299 -1.442977178296781 71.09375258292762
29.201142704623773 -1.4319531636748721 71.05617673350979
30.0967713688223 -1.4224544325370418 71.01226718993289
31.039760155878323 -1.4173408563264749 70.96965239150765
31.98835373313451 -1.4116823252182924 70.93316592582029
32.9034735363154 -1.4048916450646405 70.90185286233766
33.78167070469533 -1.3955581183803611 70.86782723346714
34.665808473256426 -1.3863882159747998 70.8387030829636
35.58089076696276 -1.380495461475911 70.81524738317083
36.51533798078391 -1.376193840842356 70.79128549057225
37.44502109990312 -1.370607244882418 70.76376077598562
38.3572774970307 -1.3631982018027407 70.73641200831082
39.25163212597486 -1.3541130703041993 70.71285011947724
40.148036299803756 -1.3467772887573994 70.69623587669204
41.041521891454444 -1.340499260677773 70.68014965888419
41.93919362034883 -1.3346630820788308 70.66430337956896
42.80841505495809 -1.329139995048675 70.65240210236107
43.652392465506054 -1.32310377860676 70.64625228303892
44.49038714748918 -1.3193863369603285 70.64545442900332
45.35007584727724 -1.3177379525573727 70.64774964429526
46.249188825897306 -1.3162458919703734 70.65039224372003
47.175509813775804 -1.3162777054530581 70.66215923985024
48.11079359408426 -1.3160940528995413 70.67521663765389
49.04206516249392 -1.315782397200339 70.68705561170891
49.96195853321108 -1.317175203619133 70.7077476661718
50.87862039013024 -1.3175326341013698 70.72933639430985
51.78611890998162 -1.318648522132855 70.75564533003225
52.67092947207629 -1.3187324431775629 70.78179258468667
53.53486784736934 -1.3176968878524136 70.81047665128816
54.38962085329349 -1.316717980416603 70.84211816049373
55.27864661301744 -1.3187923650845148 70.88004357847282
56.202074125478966 -1.322769050545543 70.92033460666339
57.16053771146941 -1.3293772064790483 70.95809873948869
58.139494977257186 -1.3381739528075192 71.00063365100499
59.14334555367954 -1.3492266939796862 71.0493272105559
60.149520271494886 -1.3613171578370322 71.10243349401556
61.132491492586375 -1.3731578303638785 71.1572606597533
62.07582488187404 -1.3875565718251288 71.2202595124899
62.98204782700376 -1.40198212593998 71.28526909126552
63.88246723021167 -1.418458473601466 71.35664636647996
64.793304055418 -1.4386709474402142 71.43596816138204
65.72700528815511 -1.4620438141327186 71.5261110271054
66.67453830399282 -1.4870498420078695 71.62181783323086
67.63209503370908 -1.5110788523707237 71.72811315933345
68.59773180211728 -1.5335621053722224 71.84395154732597
69.56575158745665 -1.5546353248692333 71.97240807807343
70.5203537663678 -1.5710642179975205 72.10674343943722
71.45230884750421 -1.5848934761093803 72.24590522622583
72.36377693218078 -1.5968886123660782 72.38525103435013
73.27561686983597 -1.6123917447177682 72.52965929846846
74.19603302374908 -1.6306941367009744 72.67373811029148
75.12267612085002 -1.6503737015897495 72.8231021324728
76.04867364201125 -1.668453447700425 72.96804589918648
76.98411860047014 -1.6873184083317063 73.12024902123618
77.92213466229998 -1.7063760943135016 73.27682192627869
78.85617431832613 -1.7217056688141328 73.43690405692585
79.76199713450987 -1.7321207597975425 73.58971584110243
80.64535044595655 -1.739956665476071 73.74105197761384
81.51617389579793 -1.7475473524691 73.89566645727285
82.38340631795482 -1.7572110033808472 74.05020445379986
83.26547954209725 -1.770295932605105 74.20879906421526
84.16775953373343 -1.7876138487453714 74.36845549565527
85.08170777829926 -1.8082180441717262 74.52981043886963
85.98305865763936 -1.827875531157123 74.68727444615038
86.8576928052747 -1.84507933081645 74.83906920450343
87.7207742902901 -1.861086371788765 74.98816588167165
88.57583711474342 -1.8764888003711229 75.13547866819805
89.42311125205698 -1.8924181555703192 75.28202833461336
90.25288194049187 -1.9092986847012643 75.42348094847429
91.06628037786808 -1.9261636646057942 75.55795520380327
91.89024161271226 -1.9438793511813308 75.68544710274438
92.75437278832023 -1.9640697644602838 75.81629902536284
93.67490952693632 -1.9844358126436854 75.95187989445546
94.64052607979525 -2.003190709940464 76.08873531254581
95.61126440863914 -2.018693167017467 76.22261226553537
96.56752638086043 -2.031405728827671 76.34975978924847
97.49780486528175 -2.0442270231060293 76.46990125658695
98.41784123270605 -2.060072851800145 76.59057426297645
99.33461654904403 -2.077007460244263 76.70936521942103
100.26494863879601 -2.095185082276025 76.82671177921004
101.18474889447798 -2.1131474867103224 76.93855425547738
102.0917508680706 -2.1301580864054266 77.05144351662769
102.98810111247033 -2.1464307358265415 77.1668850282307
103.9098405939366 -2.1627214045118337 77.2890511073689
104.86512510414077 -2.1789670543164887 77.41582592500679
105.85106554445493 -2.1945978605298495 77.54845249137142
106.84150381867214 -2.2096206117151067 77.68821862649116
107.81873203312885 -2.2231548074354497 77.8316678822151
108.76445973353175 -2.2358466694538937 77.97902021679563
109.6805137176298 -2.2473940628956366 78.12729751006583
110.54687199365425 -2.258997978538672 78.2759508068987
111.37688874850092 -2.2727555209342887 78.42681597720792
112.1677859549039 -2.287771621366292 78.5805561803548
112.93486373017747 -2.302851148431997 78.73478748813751
113.67956754114547 -2.3193787934363783 78.89695914199875
114.4339226828109 -2.335826584964801 79.06654761401757
115.20694794565455 -2.3509839932366186 79.24589857515271
116.00343373809326 -2.366747006931653 79.44115067987282
116.8038284552524 -2.3806557897971623 79.64127156674684
117.5968829922132 -2.3891003981576118 79.84095861597939
118.39148506026133 -2.393447119422944 80.05212942763339
119.19940383664152 -2.392367496528594 80.26578939417544
120.04739740435036 -2.3896716693741418 80.49244624111951
120.93058368273819 -2.388576960778605 80.730633632205
121.833470792932 -2.388697232105549 80.98249211309202
122.71024925153858 -2.3888712310617914 81.23135974847662
123.55516275908838 -2.3915310385652453 81.48571771693035
124.37284361518107 -2.3929636687208444 81.72814995330806
125.19928745155721 -2.3969239861621783 81.97587205365599
126.019631980395 -2.4050204198712697 82.22875084874782
126.8377790448354 -2.4142582117363784 82.48512638414337
127.65593418726513 -2.421635743934662 82.74306480602847
128.48724393653382 -2.4286175745503096 83.00672564488771
129.3407419861275 -2.437335880050284 83.27624931814276
130.19249440882692 -2.448411622878425 83.54637516043442
131.02830972582666 -2.4594727439245174 83.81137849718658
131.8456486262215 -2.4677809928689327 84.07008058459294
132.65243309966357 -2.4752142247031803 84.32557938885766
133.47181653049552 -2.482087694287049 84.58695587415673
134.30349859122825 -2.4877606281749833 84.85010859047766
135.14841335013455 -2.4940251900197747 85.11589552470927
135.97480533877032 -2.5000615600531426 85.37290690222316
136.77023890493848 -2.505157072313072 85.62401669116458
137.54397597872185 -2.5083577272649866 85.8674186268527
138.30534716326096 -2.5092202217836137 86.10624187326536
139.033676096847 -2.510853922298241 86.33473680892507
139.7142689637068 -2.5147592590718237 86.54861261941777
140.35058519967205 -2.5217460534087124 86.75049929951903
140.99655538564787 -2.5301208764990166 86.95956716828081
141.6767872020179 -2.538315514848526 87.18219030795261
142.40247065161498 -2.5459547603732924 87.42397613216997
143.1660713637401 -2.553898678894963 87.68215378313012
143.9396615635232 -2.562699936226219 87.94804006633848
144.71331673720613 -2.5742063121905514 88.21697349349984
145.45358636352935 -2.58822404716045 88.47993032207386
146.17705666680348 -2.6024935253523522 88.74278977100296
146.87080994782514 -2.616273593908594 89.00206481937323
147.5446266292748 -2.6309104152165497 89.25475003354052
148.19399780010923 -2.6482067936365565 89.50132003917943
148.83624746965913 -2.6686548795080105 89.74613981616737
149.46461522970637 -2.6905669816621716 89.99214416603124
150.08805464063073 -2.710836659575592 90.23972021235278
150.72544070234804 -2.7276115811315456 90.49299105563487
151.37478778313587 -2.7397093224229354 90.7583892247699
152.03103761793815 -2.7487790791644 91.0335195901133
152.6871630667035 -2.7570268523096813 91.3190931738639
153.35898639046624 -2.768710193956276 91.61672783854932
154.0652816166442 -2.7844031967345564 91.93756109933777
154.80919856705825 -2.8031839701954264 92.28333924750584
155.56156687825367 -2.823379265498681 92.64655234999638
156.30373118528266 -2.8410692504437454 93.01347712700893
157.06031324055206 -2.8585883168392674 93.39486839589968
157.83931808467713 -2.877598337072662 93.80041254597703
158.6349434879875 -2.8990932398734306 94.23245273706064
159.43000862123637 -2.921779233937418 94.67578442856326
160.2165585277568 -2.944167077439197 95.1259775024191
161.01011617475677 -2.967437738109171 95.58916774526789
161.81138051269608 -2.991094425816985 96.06440425004618
162.63056213236993 -3.0134825146628867 96.55435711536285
163.47682470701065 -3.0344108970475423 97.06483227859148
164.3517555487765 -3.056899706781674 97.59692671718132
165.25887851159422 -3.0826317512766317 98.1579484879252
166.18960602875111 -3.1097785862697305 98.74064502879575
167.12290892058866 -3.137728678405211 99.335359086008
168.0345807897409 -3.1644834861043885 99.92441454591359
168.90953119260308 -3.190774041602324 100.50178545047466
169.76714141101104 -3.216156750912994 101.07380617603117
170.61450751411638 -3.2380185592253192 101.63728692987483
171.44887532493968 -3.255693904499924 102.19724324909873
172.25298578838058 -3.2670783197478865 102.74606671458464
173.0305550814713 -3.2747444889582913 103.28369120758101
173.78859425410556 -3.2816979066273624 103.81691546158476
174.53232378993818 -3.290826693486015 104.34573240309174
175.2558356499762 -3.304212390808405 104.87496105695135
175.97127969694736 -3.3220497042367874 105.4066553727368
176.68596008951678 -3.3449869027705077 105.94931619528806
177.40356101182488 -3.370334879193981 106.50238962856346
178.11669161119016 -3.397143765815721 107.06197101649713
178.82232254870186 -3.4241038896796097 107.62281191948395
179.5213476456402 -3.453504903227099 108.18904380320588
180.23312479831785 -3.485993096110948 108.76928930981641
180.9654368633551 -3.5185944527154303 109.37149694150597
181.72236792810364 -3.5495063307699337 109.99671406115411
182.50653845737233 -3.579237743727053 110.64465732464376
183.30410357860595 -3.6082112372652073 111.30518587531232
184.10775737378856 -3.6372056075216643 111.97255982112584
184.90780606169628 -3.665441834968959 112.6384135221171
185.71214584849636 -3.6930924783703984 113.30986246501857
186.5176575929983 -3.722566712959636 113.98453244112203
187.32267927181474 -3.755574560897628 114.65928680421592
188.12289843416679 -3.7901491259303652 115.32484148961811
188.90966675616036 -3.8240550966615454 115.97736203674522
189.67669404328862 -3.856146836295468 116.61451284088001
190.4287116705275 -3.8861965028842707 117.23658739016395
191.16560589900593 -3.9161850367398157 117.85037721011615
191.90230746959566 -3.9491359306109945 118.46587850219801
192.64606224796273 -3.9869755283972736 119.08124690775338
193.40896882429516 -4.030056621343278 119.71356564468655
194.18448236697384 -4.072011117249667 120.3539492893597
194.9668001308599 -4.109823534912912 120.99901852739652
195.74717075568748 -4.144313761253345 121.63677090888994
196.53230526344748 -4.179684843419297 122.27547806954018
197.31836763681548 -4.217786745118821 122.91075740435899
198.10637584594838 -4.258435579978557 123.54485088327107
198.88354807173704 -4.301994802689625 124.1725806186813
199.64916830586404 -4.347547398814912 124.79255749638767
200.40295232943112 -4.39415215814593 125.40167594856972
201.14859585749105 -4.440918093473856 125.99910589998372
201.882611854377 -4.488492379619969 126.58620024175522
202.60180882096407 -4.536432327270949 127.16203168224801
203.31872918685116 -4.585731190252927 127.73165701400042
204.03851591205225 -4.635244613578653 128.29630163849703
204.7634694857604 -4.683923569560945 128.8605603974417
205.48065835995143 -4.727090834509015 129.41596893156543
206.1875558840323 -4.761681521129566 129.95298188404058
206.88517467342615 -4.791953201119332 130.4822244557467
207.58748235682847 -4.818299791199152 131.0049597802953
208.29285239951588 -4.8446883673294385 131.5262846989883
208.99721741297134 -4.872028378352024 132.04939746329813
209.70766686603784 -4.901579764579209 132.5718760410692
210.42374783214163 -4.934988477092153 133.08643446184124
211.12776509809035 -4.96641398541691 133.5798776331943
211.82399776291106 -4.993175653781475 134.06185025159306
212.52856945341424 -5.016009033994804 134.54282609828567
213.24994894195655 -5.0369785512076 135.02692312208137
213.9772795837215 -5.056475549970074 135.50809139891686
214.7029880822779 -5.0749485866696045 135.98423323519356
215.43665588490433 -5.093256506338025 136.46441212932072
216.18404659210276 -5.112835228402814 136.94888678413304
216.93781785066793 -5.133949419124794 137.43733414142181
217.6850969137892 -5.155002112861623 137.92669663353794
218.42386559994156 -5.176133291076793 138.40809071873505
219.15663771921655 -5.197703841879324 138.88447361554242
219.8879932282732 -5.215587106145748 139.35513068143763
220.6146469677047 -5.228429438597552 139.81453115863243
221.3458496805422 -5.23975168242964 140.2721751270589
222.07726718856358 -5.252359243602788 140.73337982433654
222.8123170438519 -5.26725799241435 141.20067371229646
223.56332118021766 -5.2865820431190045 141.67764618487163
224.34569188553928 -5.310125886437725 142.17063397440205
225.1484306660498 -5.335672610573417 142.67310386439434
225.96358847397389 -5.358174101933283 143.18687006315292
226.76704510588718 -5.3713073713267985 143.69022599208608
227.55271431464624 -5.378538120547201 144.17667683724395
228.31727708339375 -5.383734136599798 144.64656153200417
229.07280558582022 -5.389734065941938 145.109476895659
229.84452091653756 -5.400009383426871 145.57956135905926
230.63575553839468 -5.413316227663025 146.0581579775852
231.43704117843288 -5.427103702851575 146.5380436647157
232.22303927023694 -5.441314896593731 147.00298677690947
232.98449159587173 -5.455109476568717 147.4464039200256
233.72321239230502 -5.469561694647851 147.87029140352243
234.44881904223178 -5.485816198569737 148.27835370505332
235.1752088146564 -5.505297778123104 148.67740466519882
235.91406993990665 -5.5286495383671435 149.07481723316778
236.66275805996693 -5.556887795560544 149.46888159019176
237.42639400990345 -5.589649865575407 149.86372724384088
238.2129952899146 -5.626637993514458 150.26323642903725
239.03931569116253 -5.666250046590343 150.67243779985384
239.9018459395421 -5.708116312436426 151.08883282690334
240.79612137323488 -5.752254345378808 151.5115728553095
241.70615355836043 -5.797951295718707 151.93208223778916
242.62578532573158 -5.845931144008123 152.3454889718946
243.5403839258878 -5.895779369793921 152.7479591651834
244.44498408316204 -5.947311184441663 153.13855602497526
245.35125098898604 -6.000920996861165 153.52258862604108
246.26012144029826 -6.05436457905216 153.8984004466533
247.1854882791195 -6.10826177958994 154.27479180450413
248.1265687254501 -6.161259773288259 154.6527958469691
249.07261411006607 -6.2112909444799875 155.02812176369926
250.0140593975153 -6.25626766970134 155.39517543792257
250.9429398670673 -6.29440612404957 155.7513266256919
251.87995054469656 -6.328248821470126 156.11226424499026
252.80916908928498 -6.356612276999569 156.46478042183344
253.71225094951092 -6.384215721651603 156.80352948556828
254.58666665913023 -6.416347656070113 157.1272323223969
255.45589115021306 -6.453558778653347 157.44454434957657
256.35173986967453 -6.494467727133703 157.7614990795462
257.28518894135635 -6.540235507735891 158.08917987821965
258.2584406290302 -6.584944317410638 158.4283697459413
259.21248666100047 -6.621770844717925 158.76068288369495
260.13256990063775 -6.654345527161352 159.07757866326682
261.0247204792149 -6.683780693996371 159.37839173482791
261.9319420516213 -6.716881175557055 159.68763995402426
262.8597914996865 -6.754647118404791 160.0114118381403
263.7744004952934 -6.791336887855112 160.32813419414202
264.6544233844326 -6.8240970378858785 160.62763594841067
265.5053372787473 -6.855370289568299 160.9134720160024
266.3505804205165 -6.887012247455846 161.1937492957888
267.18992100332355 -6.9191980792457635 161.47139334316543
268.01497189465454 -6.951529180464222 161.74691628652167
268.8365520364502 -6.983596336371449 162.0193836197135
269.67535069146777 -7.0157315437316585 162.2982096801775
270.54389327290886 -7.049118603164993 162.59311089596787
271.43495152049894 -7.082281661246164 162.89868149712743
272.3252393213389 -7.114092664695866 163.2074487819983
273.2005387005308 -7.14431342615514 163.50940350053622
274.0620599236776 -7.173998848219216 163.8100797292898
274.9212098084897 -7.204691557437372 164.10995843985972
275.7761108456351 -7.234522440721213 164.40933072806092
276.62568349600645 -7.263742900605621 164.7106538615485
277.4654751328104 -7.291295161541129 165.0046360420535
278.29830654063477 -7.318737729793072 165.29944244312316
279.12276389907805 -7.344290886967129 165.59113031586784
279.9608042351615 -7.371595013573612 165.88763791876275
280.8256806454261 -7.402513805368462 166.190232585039
281.7233564998703 -7.435763829946161 166.5080100165592
282.63875975730485 -7.468451666803836 166.83250079155977
283.552969442163 -7.496885195519799 167.15324771770577
284.4630458130252 -7.522995871953678 167.46892268193372
285.37325321274665 -7.548259602721041 167.77915938346035
286.28657096795 -7.5740700821751625 168.08785671958708
287.20744815587835 -7.600520205879871 168.39665546214616
288.1376740989457 -7.62698772862188 168.70465401017154
289.0759759036282 -7.653021392058727 169.01268270788793
290.01651632484254 -7.677775375745985 169.31780959064716
290.9641451697328 -7.701626818058925 169.62149171677933
291.90766135113716 -7.725588155916606 169.92201958967135
292.82851863097926 -7.74961176594989 170.21247847515593
293.7092397378904 -7.772809232906008 170.48851803728056
294.5582917656299 -7.794899097094509 170.7519597103496
295.39757055375117 -7.818341788292219 171.00965082876778
296.2474031362144 -7.844178336184157 171.2698352237696
297.116888424467 -7.871067323034771 171.53390351039292
297.9950967352215 -7.8963773481163555 171.80052386978122
298.8756260648244 -7.921519185120517 172.06269424576024
299.74296116598197 -7.946374986633803 172.31832488045856
300.60158575273624 -7.97066376692395 172.56638571492175
301.45732322592613 -7.992924977758999 172.80822240917473
302.31762052003944 -8.015434011435893 173.04587833681683
303.170468349614 -8.040293759179276 173.27916096792865
303.99164939672175 -8.06532287112296 173.50015879957087
304.7861947345064 -8.091958562393406 173.71034310540756
305.5828298863369 -8.121762722526 173.91204814107604
306.4040756879249 -8.1559446549175 174.1120802627349
307.25213911673063 -8.195044014638116 174.32123001067586
308.1021480542987 -8.231621776315757 174.5287792654233
308.93613959111195 -8.261751066016778 174.72915390947907
309.76783284409356 -8.287900929024973 174.9272086881009
310.6060323682703 -8.308808633029354 175.12305164016317
311.45016604588494 -8.327501298346082 175.31778800392692
312.286452160066 -8.346116852101185 175.50467165977884
313.1073717767933 -8.36325074499102 175.6840415277884
313.9173520812737 -8.379302561026021 175.85633608131573
314.73431008273934 -8.395935840115172 176.02583053689594
315.5645493326447 -8.414013340732321 176.19095846779197
316.40333907350157 -8.433138364306998 176.3541648444865
317.2288837743576 -8.450835518233793 176.50914044752642
318.04061702369853 -8.466613676542282 176.6591098965253
318.84764587409654 -8.480748957343307 176.80335159701596
319.6624580838815 -8.4952689241995 176.94608875339887
320.50075994031505 -8.511696703756817 177.08944670166483
321.35964673108856 -8.527771639684447 177.23403964969256
322.2352379651828 -8.542560327592643 177.3783491755172
323.10847475373924 -8.556987727277745 177.51993674196032
323.96695101234906 -8.571447401529742 177.6568150570848
324.8164565506342 -8.586015679584277 177.79139362026118
325.65290754865873 -8.602556224983292 177.9247061812774
326.4960911506893 -8.621246108273295 178.0619862967311
327.3655167545301 -8.643310191960849 178.20396621671753
328.2679092016313 -8.668223813701207 178.34892880567742
329.19210660214105 -8.694091010044826 178.49852004222885
330.1110465428334 -8.717082315738358 178.65085171237249
331.0175399505743 -8.73579047958749 178.80601621151368
331.89884097598656 -8.751577916582761 178.96128121779623
332.75571502485667 -8.766277328639449 179.11770077494475
333.5900541655693 -8.7794583007411 179.27190381216815
334.4194274018401 -8.792315726842952 179.42774394579493
335.2481127027569 -8.805698496821034 179.58307851072405
336.0912881148419 -8.821945663491746 179.74363351343445
336.9468664666203 -8.839259953275532 179.91046535474607
337.79897774880016 -8.855896050863352 180.07984094679875
338.6290386836163 -8.869116503699138 180.2451924876721
339.425386180469 -8.880875532573468 180.40969990719515
340.188208308327 -8.89353118642937 180.57193271096426
340.93485904809637 -8.908122583397855 180.7340992040755
341.68765667811283 -8.925965389195737 180.902293891348
342.4632871419567 -8.947672443297524 181.07742634025712
343.2550878191113 -8.97083125152216 181.25904476435417
344.0547331880953 -8.99505780720752 181.44631938222014
344.8527169321541 -9.019964835237674 181.63802078900943
345.64574367312713 -9.044320956491868 181.83280042152126
346.43436567873965 -9.069241683484966 182.0319777017691
347.2153902740969 -9.095177917067605 182.23281561421612
348.0011813335493 -9.121560676657278 182.4400275391918
348.7925826344775 -9.150311351308751 182.65053834270546
349.58786382159514 -9.18259712764138 182.8659124557612
350.3888891033179 -9.218778273318524 183.08496318725452
351.2032935723941 -9.258688413655692 183.3097591153037
352.0353018013162 -9.30214868791944 183.54445246143186
352.87177301824613 -9.347471193041176 183.78183053845757
353.685085803394 -9.39254829469669 184.01412956140098
354.466504678509 -9.436374866746954 184.2385349959036
355.2176939572347 -9.47965295755185 184.45288239766396
355.9618818502087 -9.5249740636737 184.66776620496594
356.7218349929917 -9.573238547566147 184.88953519786045
357.509538504834 -9.625110629602775 185.1198899770589
358.31444312094703 -9.678578895455242 185.353198145453
359.1363168498549 -9.734669443407272 185.59343012988677
359.9644134579831 -9.794364748119909 185.83274402938954
360.7874266119487 -9.857928875581692 186.06983495567357
361.5869123610586 -9.923252197843192 186.29801625506153
362.36742178827814 -9.990292369059635 186.51754159459904
363.12866734266044 -10.05861458425868 186.726103084845
363.8843713243718 -10.128072843033177 186.92750306210942
364.6524395869232 -10.199731667888333 187.13061560485133
365.43055059678505 -10.272364262301673 187.33481311013952
366.21901101111615 -10.345545572437379 187.53701659190128
367.0049933910632 -10.41723139662399 187.73314091348888
367.79551438458196 -10.488562150382737 187.93075732935392
368.60366658618443 -10.558211404537284 188.13419704405567
369.42697831878473 -10.626851248913049 188.3455789325697
370.2743775678092 -10.696923349511126 188.5603190414592
371.15260527400517 -10.771672699333134 188.7813128912584
372.0473211834416 -10.849649767735345 189.00020817480626
372.9346689140891 -10.929054811540835 189.21590608421155
373.7774703364935 -11.001050399335588 189.41907303400183
374.5762268258778 -11.065926584469679 189.61456246352682
375.36571173458844 -11.131277875149433 189.8092204245735
376.17895547085504 -11.20447044109723 190.00929269785854
377.0396552805105 -11.288036202449316 190.21908217934566
377.9359218201371 -11.376595380405972 190.43294241819606
378.85273378788526 -11.466963816295607 190.64752988985524
379.7534959491409 -11.553445179307346 190.8584000340914
380.61600360465997 -11.634081462011197 191.06359967771337
381.4371534819961 -11.710854836379527 191.25816394234238
382.2295609828056 -11.786816990203866 191.4474831034943
383.00126227993053 -11.862870366360596 191.632053981833
383.77168134374523 -11.939327890181085 191.8150974334738
384.5343336536857 -12.01270786882796 191.99917638085833
385.29734959434296 -12.082146062207634 192.18589985312545
386.05864660235306 -12.14876290283847 192.37370660470617
386.83450076799403 -12.216064641894151 192.56148572506098
387.632703810497 -12.286071724896734 192.75051677744014
388.46123369454233 -12.362006057580471 192.9489797307869
389.3091721082047 -12.440079701616353 193.14941593132883
390.1607222827922 -12.518595571456872 193.3493538959807
391.0051119713552 -12.596350994694527 193.54625213454054
391.83487252623786 -12.672972260866153 193.74143258471778
392.6487567262176 -12.746881423419051 193.9332930384696
393.45135163084194 -12.818834472080061 194.12283683284693
394.25181383983227 -12.892846833509003 194.31432992977983
395.058550275107 -12.970695916085772 194.50871027705523
395.87442129181 -13.051268057209846 194.7088607508858
396.68468378020015 -13.131267921810199 194.90916767601175
397.4862902193472 -13.210155182317964 195.1004035073276
398.27690324071284 -13.289301344169942 195.28079885256548
399.0695176550555 -13.368849665885225 195.4551854493622
399.85682024806295 -13.44745229776452 195.62565856446474
400.6530638452659 -13.525636735253915 195.79809052398227
401.47963718523 -13.605598493999915 195.97915057253005
402.3578924360677 -13.689212005815662 196.1726780396745
403.2731736387918 -13.774179432192343 196.37582758477745
404.1862858113087 -13.85667651018663 196.5798484424489
405.06590042167727 -13.934124588153217 196.77610724996293
405.9047625389921 -14.008810091730219 196.9632595637752
406.72388175490306 -14.082753548145652 197.14684155633668
407.5413306485731 -14.1565689248963 197.3292704938178
408.3822655573307 -14.233244986339962 197.51700119964147
409.24613822672603 -14.31359579921667 197.7107486388327
410.1191018820793 -14.396603554352488 197.90923295866028
410.97368713749114 -14.47887400150185 198.10529471155613
411.8050075496916 -14.559376182058967 198.297082380637
412.6161547503069 -14.639418970450693 198.48074084736317
413.4282708197218 -14.72281008348437 198.66239123473827
414.22819924318503 -14.806541081646307 198.84050156991347
415.01563763667184 -14.888022598372027 199.01821472713397
415.7902621293827 -14.970207208084554 199.19997701855
416.57248027186404 -15.0576735129894 199.38630694853333
417.36119658262487 -15.148623674265563 199.57899981824406
418.1618455361594 -15.238411742998915 199.7798551171525
419.010631996237 -15.333618441691527 199.99507374224348
419.9115577726772 -15.436803451029322 200.22232431848164
420.83811868746045 -15.542638268689382 200.4632182813522
421.757206693921 -15.643871563181882 200.70894555732445
422.6544128063949 -15.739784320146597 200.95700502845528
423.52373442781186 -15.83399242771597 201.20861207048162
424.36978008998426 -15.928126678086574 201.4663487419215
425.1786121892452 -16.02076503060345 201.7243459333453
425.9511508784671 -16.11267196397881 201.98778425961072
426.6917435394497 -16.203280369859403 202.25270200956845
427.4186187528983 -16.293580217838475 202.52371917182546
428.15082913168123 -16.38483002792364 202.80697074584467
428.88504170719835 -16.475686235654287 203.1023702991133
429.6151155275296 -16.565162393045803 203.4071303354456
430.32913922319096 -16.65191117705766 203.71415488627437
431.0424486379943 -16.739526834677626 204.02858163512724
431.7557534244133 -16.827486560072426 204.34576199388533
432.47373536348744 -16.917176016338175 204.66781663172367
433.1821251573368 -17.007582738669875 204.99068674314415
433.8818078134557 -17.09944227240906 205.31545211959752
434.56694444543893 -17.190671199078118 205.6388971051517
435.2382914038131 -17.280116135774506 205.96279115923215
435.91101278313783 -17.369063374077058 206.29258594752167
436.59561104853606 -17.459801278213376 206.63265531963853
437.29016465478327 -17.551878185554482 206.9818142136896
437.9847079129024 -17.643255240429355 207.333097831531
438.6680727349443 -17.73322550834901 207.67921518978324
439.3384430012637 -17.823878263076253 208.02233904967196
440.0033701404006 -17.916804079713426 208.36506180323104
440.65704977594396 -18.01000058700986 208.7048543134741
441.29614914691905 -18.1007847868265 209.04301683682465
441.92702168449335 -18.188916826283084 209.37802285976514
442.5632845322547 -18.278971705550223 209.72173262263985
443.21219048274526 -18.372458055061863 210.07670681265722
443.8714981057678 -18.46748698451713 210.4397927511011
444.5361054081361 -18.562742790320563 210.80867546581786
445.2102742359223 -18.658383585459067 211.1845232999655
445.8980596078471 -18.75634060352048 211.5678100258133
446.61000695939043 -18.860122623971733 211.96712241290476
447.33240200876315 -18.966016570165053 212.37702654896856
448.05566308456775 -19.06974898430545 212.78933136243026
448.76462876257426 -19.169512045299246 213.1916041773925
449.4612398597319 -19.267259606543654 213.58686371677476
450.1566839501753 -19.366445267625103 213.9836954868578
450.8625961757733 -19.468085003463006 214.38026371613148
451.55648141233337 -19.572673015048995 214.77207742507412
452.2043792041809 -19.6727217622268 215.13950354766945
452.79825036493645 -19.76231288888982 215.4730465616499
453.3481825914222 -19.84271093541354 215.77916939350177
453.8726074134438 -19.92168645542983 216.06993955907348
454.3860769004443 -20.002071895589758 216.3537367175712
454.8989041775465 -20.082624232791684 216.63763314670237
455.420014261586 -20.16393033931527 216.92774248926267
455.9487412940382 -20.244426183441696 217.22032985346158
456.4955507522257 -20.326062773946518 217.5220120881792
457.06193336744616 -20.41170373966333 217.83579935980163
457.6455531903179 -20.500851226001735 218.1595975764491
458.23750516887077 -20.5911296996556 218.48649616060706
458.8409776597141 -20.680504374990775 218.8184241270519
459.4524940428754 -20.771051348938858 219.15415799934058
460.064815961982 -20.86467280645744 219.49243443466054
460.67825457559394 -20.958849621567328 219.82307240006205
461.29931390639746 -21.05320134910832 220.158282884356
461.94120706042696 -21.151916902899526 220.51164830809105
462.6045615152457 -21.252639910641708 220.87690698473494
463.2631275464599 -21.34789789363917 221.23767850782713
463.89391699996213 -21.435315992838266 221.58736431079714
464.4594538508073 -21.511077817081365 221.9015620867998
464.9634275434576 -21.57911865740751 222.1803488597728
465.41715432160066 -21.64114663799849 222.43038222768521
465.84970597513626 -21.701161094983647 222.669764562049
466.28107854521664 -21.75898823787026 222.91030398051316
466.7257165316754 -21.817578050428562 223.16282801645806
467.1966586094745 -21.876757485406365 223.42827087689344
467.6782019639421 -21.937351937232336 223.70014203523377
468.16542732431446 -21.999708639042627 223.97634523260106
468.6505341705746 -22.061560039306045 224.2490902596026
469.13773315130646 -22.124184507072368 224.5224042537665
469.630287342787 -22.186881296550997 224.7962856695284
470.139450671027 -22.254748361248858 225.08097078893434
470.67780596633276 -22.328763539985143 225.37704661765784
471.25355775628555 -22.40910761278447 225.68806596245133
471.85681642327216 -22.49397684443684 226.0141792346707
472.4828900048545 -22.584416518088954 226.35803246277257
473.1052959888508 -22.675403584667897 226.70463006746033
473.71366556583763 -22.76201766052923 227.0417454316798
474.3110200432992 -22.845399779113094 227.37003769056278
474.91069349330184 -22.929260100300468 227.70128924220964
475.5262499647121 -23.014474386873 228.04367451203464
476.17312116902167 -23.101830390614232 228.40309456632895
476.85887026285604 -23.193846036622627 228.78588336525337
477.56932467660937 -23.288155721085936 229.1830690699023
478.2847097639138 -23.384289778591747 229.58818281034056
479.0039681015395 -23.480949581555368 229.99661106171604
479.73092732110496 -23.579637896511496 230.41181924017488
480.4630233263835 -23.679532641184707 230.83237478676654
481.18082017785895 -23.77790736266373 231.25105760304965
481.8875518234152 -23.87402616561571 231.6650518703293
482.592280066585 -23.96958068073718 232.0815302994922
483.311341885972 -24.065913727456504 232.5102365411053
484.04766298334073 -24.163701901428723 232.9500803993928
484.7875798067691 -24.26172072627099 233.39379115599203
485.5031015467614 -24.35855716204551 233.82859958308188
486.16858665828664 -24.44937824774265 234.23645735755318
486.7629182760621 -24.53066482301882 234.60331687129332
487.28330793564186 -24.60211280131685 234.92881761005737
487.73652359942037 -24.66404053865762 235.21578675650127
488.13923068853535 -24.719745288870694 235.47663690448096
488.5054851900983 -24.76919641920644 235.71317424622998
488.85739157455106 -24.81561823382212 235.94037821255938
489.2090555291623 -24.86227096491803 236.17180711452312
489.5724791998987 -24.910564215252236 236.4130154412092
489.94459041713935 -24.9593452666788 236.65862972195174
490.31517123317644 -25.00799137263593 236.9047416877471
490.6753561062665 -25.05456888618736 237.1456561432278
491.01993525352873 -25.098290233917254 237.37852005590585
491.3498248873078 -25.13936713696686 237.6024917389804
491.6741760832156 -25.178788583788812 237.8220937942601
492.00546505170996 -25.218382115381893 238.0443987038263
492.35291587000205 -25.25849666659565 238.2738716894482
492.70094106998846 -25.299597975081188 238.5072594612721
493.03682582622884 -25.338812572394552 238.7313513950545
493.35491842591165 -25.376154410616966 238.94422488558854
493.6731047325689 -25.41234915678205 239.15353307261827
494.01235559734926 -25.450249270334155 239.37529102786087
494.3744955581701 -25.491210720585197 239.6126829205314
494.7483948371976 -25.533656173220553 239.8597769111872
495.13259164252304 -25.57524646239242 240.1106175676546
495.52645146819253 -25.616715326266046 240.3669111072953
495.930304829728 -25.657416091472374 240.6260369296455
496.34281169495483 -25.697579777543254 240.8913667453535
496.7716127094264 -25.73781261953116 241.1656786671715
497.2174623397914 -25.77960609796863 241.45287826818526
497.66549593451987 -25.820065796293985 241.73965847406114
498.0957264166568 -25.859833507427194 242.01950949858693
498.50410258174963 -25.89643649721373 242.28400959126054
498.89670043297076 -25.932355288476874 242.54022211553533
499.2775842069428 -25.966918638963122 242.7860282413184
499.6372808864492 -25.999591497885195 243.01922543194345
499.98698609203257 -26.03118857021817 243.24792822937246
500.33752858336015 -26.064550302557574 243.48193613849176
500.6929463894217 -26.099174456849585 243.7220074377011
501.0398602421132 -26.132436792177106 243.95657067754036
501.3747251274483 -26.164087308123825 244.1830748679254
501.6979381644455 -26.194817952239138 244.40285844676995
502.0071294107801 -26.224485980202708 244.61474608165207
502.30120627927636 -26.251610705762182 244.81534356657946
502.589147932472 -26.277941114177388 245.0138436125991
502.86146059867866 -26.303300841265848 245.2070585421713
503.12449337411874 -26.328812357581317 245.3988730718601
503.3786890176543 -26.356276968605513 245.59313363251195
503.6574827162869 -26.389631880597967 245.8117542904609
503.97443220830115 -26.42977083977907 246.06438706558671
504.33477506082045 -26.479743899302676 246.3631839064623
504.729447876206 -26.539828561734627 246.7043372443071
505.1603364493783 -26.611012464401252 247.09310263512955
505.61939486895795 -26.692108682952473 247.5246935308378
506.09170247665025 -26.781376225725122 247.98819171037977
506.5396954459907 -26.87313125376021 248.45257484807863
506.94384387836124 -26.96328669659829 248.9033140274778
507.2877375842272 -27.03978164666601 249.30001589386058
507.5976499644254 -27.108248309066227 249.664812176521
507.88598336872235 -27.171272948025507 249.99612088113665
508.20125522245064 -27.241299396859066 250.34775154205732
508.5581651311397 -27.32060399041298 250.73540561995662
508.965805524055 -27.40709257348376 251.15626788105956
509.4059795530576 -27.49414705671618 251.58884026632205
509.8710823265933 -27.57618742212304 252.01082238047462
510.35691282898637 -27.6541238939392 252.42658041560398
510.86393711859404 -27.72863512447177 252.8410021362937
511.3824972844928 -27.797434732286533 253.2399244486267
511.8906525128244 -27.85870603500146 253.60959391871123
512.3798514902062 -27.907937895726555 253.93705922586733
512.8493211031787 -27.94860195870351 254.2332204331458
513.3045325337124 -27.98189682279951 254.5031138090895
513.7452525225196 -28.01215836322311 254.7623193265168
514.1740263025099 -28.03743835370104 255.0043301793345
514.5924418635009 -28.059400155622807 255.23769587955377
514.9915610377398 -28.077844286393 255.46173254735075
515.373039764674 -28.093503580537103 255.67756638365125
515.7370995077752 -28.106807045652307 255.88860325895678
516.0925641205955 -28.11810551795041 256.0978641660367
516.4530811846109 -28.13118152128212 256.3129474515934
516.8219265411526 -28.14813790453502 256.54101409793793
517.1965492846037 -28.169116527756326 256.78392312539376
517.5764700646773 -28.192760877320364 257.04021536042336
517.951651229295 -28.219646829900856 257.30369098154426
518.3176482817813 -28.251594559393812 257.5723883719014
518.6849610289619 -28.2879795657673 257.84877394970704
519.0467422093325 -28.328647561109598 258.12582294942166
519.3823683191903 -28.370154921384064 258.3915362370304
519.6886842571118 -28.409146838592452 258.6535938290755
519.9825329626199 -28.446370601051168 258.9137297545244
520.2706221647153 -28.48712010288496 259.18242364409764
520.5465974284809 -28.52676369531445 259.4421071142732
520.8098702575588 -28.566789096716157 259.6973359654923
521.0693773805721 -28.608352593034127 259.9555279058253
521.3295481123982 -28.65137874115487 260.21837890997574
521.5870953146415 -28.695181606066516 260.487052725358
521.8415809696733 -28.739582810763043 260.75807309245073
522.0949177868009 -28.784988092802916 261.0308081149602
522.3551661118606 -28.83299098904465 261.31785088162655
522.6256939095477 -28.885560659600134 261.6341713049919
522.91101705126 -28.940689799727497 261.9796991915804
523.2007394906583 -28.99673721491361 262.33413248977985
523.4934062596792 -29.05629944265643 262.70004674042406
523.7752824311525 -29.115550655656243 263.0549566516026
524.052314968372 -29.174257402841572 263.4075938613428
524.3295647688641 -29.230730936890236 263.7711657333174
