-0.007655923502861022 -0.021135366477549076 1.0695422386264801
-0.012279853714263378 -0.039566499469964114 2.115460823665521
-0.015164534684897776 -0.05549732930175443 3.140286360608127
-0.01927795177451948 -0.07023500264875321 4.134291908000539
-0.02230180192803303 -0.0830823565977682 5.128739651793839
-0.025578394530777506 -0.09436319575489169 6.1378983162763125
-0.029334986234776254 -0.10482519356220725 7.1761396120004814
-0.03341408536078788 -0.11590948255181445 8.23848755962679
-0.03930580854079946 -0.1304960675041832 9.322701667301548
-0.043549235143505484 -0.14784625533109721 10.420631228448007
-0.04643570465564539 -0.16597567151090156 11.521053295797062
-0.04586959501551031 -0.18412678132387766 12.62349514313949
-0.04215555033358154 -0.20264397990417382 13.739502101448945
-0.03890188968518708 -0.2216536859139652 14.86421938672864
-0.03871702170253393 -0.24356603980006636 16.011808518969342
-0.0408742164934809 -0.2686756452898918 17.171695440846708
-0.04313294159794143 -0.2934802247713207 18.339098701356402
-0.04550837246192187 -0.316425855921198 19.509186637219635
-0.046663282008342945 -0.3370006303709808 20.67777030971716
-0.04621151929663945 -0.35659124962376454 21.84581827001709
-0.04834857336068001 -0.3790432415410551 23.021231717377955
-0.04998688859832329 -0.40519693117747085 24.211668519795765
-0.051957618902864926 -0.434889065064787 25.430342666152054
-0.0488079993340685 -0.46713431306513215 26.68230625642369
-0.04501400230834149 -0.5018681390515967 27.970544049149485
-0.03818692977693429 -0.5359077264808813 29.27440732812918
-0.02944083154732488 -0.5664728304556641 30.571142659907117
-0.017535605467428717 -0.5924648942981685 31.825014661217505
-0.0033464165195316933 -0.6160856676731746 32.99223471101729
0.013095945214373841 -0.6385681849895589 34.05455171004924
0.029832597532555544 -0.6615674732240231 35.03317471063765
0.04677901565619212 -0.6855168846152967 35.98698578268532
0.06370641299269186 -0.710617138058078 36.95452270370042
0.08112618578641842 -0.7363784693343105 37.9598873536168
0.09843450894532747 -0.7644853127026859 39.01376453505837
0.11648038727844126 -0.7935449510816749 40.10777126749624
0.13607068738053726 -0.825063419655086 41.256834148866204
0.15565163458001707 -0.8595585423191157 42.45930110173512
0.17677007831377073 -0.8960962441497917 43.70856288146437
0.1990474977010074 -0.9335535520816673 44.972047735132286
0.22509236780669137 -0.9695752581386848 46.23332759505999
0.2516011851082764 -1.006922562462255 47.49942014075286
0.278819322326218 -1.0452807600906717 48.765958937363166
0.3078803178426688 -1.0831939828550086 50.038810820970895
0.33882127271110524 -1.1211209071845416 51.300380601673474
0.36713481253096536 -1.1585235154065978 52.55087818132586
0.39745607630614016 -1.1953761603988873 53.800742357182635
0.4314232937794319 -1.2303275296001683 55.03953298478007
0.46694034212821145 -1.2616048922308636 56.25554759220043
0.5024424810633449 -1.2901671554017178 57.40280795114926
0.5355258088475592 -1.3163535635784862 58.468092256191525
0.567615826435824 -1.341886134546272 59.46532797607746
0.5988505163408084 -1.3669269868923992 60.4253327771707
0.6328759812470951 -1.3910326278464238 61.38558929003802
0.6699814742263054 -1.4164827477708979 62.36712511782261
0.7078448101203068 -1.4426912695914984 63.37169708472071
0.745885596371213 -1.4705429150773008 64.39926715387081
0.7843011622658164 -1.5003937748059664 65.45365237614801
0.8207768778472649 -1.531150291647049 66.53847494194827
0.856982527438388 -1.560806178839715 67.62217087130449
0.8925435606852886 -1.589558069462436 68.67632774553522
0.9279232745159643 -1.6171049156838195 69.68898787298649
0.9644992384611645 -1.643419510773568 70.67842701279702
1.002076540819935 -1.6688013589041835 71.65062910064883
1.0395248362720855 -1.693799026191045 72.61073004004655
1.078549378288817 -1.7179051074183285 73.55333262733541
1.1203562388865071 -1.7412337342373496 74.49771005150889
1.1635961658582163 -1.763600772894201 75.46003617653145
1.2116011733640792 -1.7856044599724914 76.4550182454566
1.261132433185689 -1.807922736526155 77.47229084338193
1.3113802999365989 -1.830920688376428 78.51246295297496
1.3621002735737668 -1.8533945986122358 79.54905703018562
1.4134046280091077 -1.8742760674157066 80.5782569168138
1.4670822175402776 -1.894298669373593 81.61214422488172
1.5230085273552931 -1.9147647431818628 82.66205370731053
1.5834298795682544 -1.9376328584626685 83.7351768822713
1.647379630113364 -1.9624483945688649 84.79429110018717
1.7107269735497181 -1.9881269861207944 85.83428907462834
1.7732059219936918 -2.013570581662541 86.8500254881651
1.8379146171615408 -2.039280184810874 87.87281476244539
1.9075130546881363 -2.0673300530662426 88.94121419184322
1.9813025643969056 -2.0974111890206038 90.0510335740927
2.058156232516172 -2.128268368935915 91.19239529217235
2.139998644908951 -2.157615527525991 92.35174506361753
2.22488488610334 -2.1859446826416598 93.54655645300662
2.31060678398587 -2.2131172803491768 94.7537379803738
2.3972693389496516 -2.2410445720599554 95.95864453111717
2.4845400349291262 -2.269237867610323 97.14572275277143
2.574693516618073 -2.2954259864719058 98.32148166187329
2.667384026269555 -2.3204133876347126 99.49648964605258
2.7604248927967157 -2.3449705320883556 100.65107070797532
2.855809075297628 -2.3685828901582053 101.78858646229386
2.9500771631534697 -2.3912501094539707 102.8945786191409
3.0457506243688246 -2.4132079083184377 103.97977175726473
3.141171312741732 -2.434822160779904 105.04553331424742
3.2367492392232955 -2.4567383766256317 106.10650011628933
3.3342908190552913 -2.479740682419081 107.17361279672734
3.4343990588188387 -2.5029826317123316 108.23482536470226
3.532083107217859 -2.5262968484009956 109.25676248771583
3.6265366480844485 -2.5497398254817423 110.23105456983217
3.7198011912155913 -2.5722114259568944 111.1703027855868
3.8117428513447984 -2.5940566720026474 112.08910261347488
3.9021721763884556 -2.6156776440363942 112.98010012411298
3.987022738266173 -2.637899154348077 113.82525089021924
4.070143369532552 -2.6613156136594855 114.65493868130027
4.156532416546829 -2.6851644941675183 115.50593518104743
4.246817707990122 -2.7105321923433183 116.40722303000916
4.340543733766156 -2.736788014094052 117.34956917817088
4.4377522093476385 -2.7641738497969564 118.33400988277583
4.5387931301776865 -2.794248542275864 119.37797589830203
4.644063857303124 -2.829575447944247 120.4711243939062
4.753908886848768 -2.86788736903723 121.59142655514707
4.869097967927451 -2.9076237264414995 122.73977845782304
4.988035484600135 -2.945554496779572 123.89947185148806
5.10974759258056 -2.9807788618114817 125.08524832551556
5.231654960102479 -3.013946814390618 126.28051852009528
5.354115258823093 -3.0461020326330335 127.48348821735937
5.478544731365963 -3.077597547734022 128.68586920309272
5.609070667786122 -3.109213108152228 129.8990689123886
5.746941479261714 -3.1441199343696966 131.13034066216426
5.886910920007302 -3.1821144739467226 132.3698955625277
6.0308908996413875 -3.220023523773938 133.61408878163678
6.180268503550323 -3.258640633425491 134.87056737398706
6.332585062180697 -3.2996367896062284 136.14168107736228
6.483931151753854 -3.342842824100281 137.41405014606406
6.633312442295377 -3.3856761991864635 138.66588339699464
6.779691967746804 -3.425457974605322 139.87092496914372
6.9194382987335885 -3.4633474556107706 141.02473916112152
7.056481264764889 -3.4992622270946954 142.13328643952096
7.1906552250197 -3.5363880166086625 143.2317536447132
7.3268647376778775 -3.575897373779269 144.33545777470528
7.463327400304925 -3.6181144664210216 145.47064753278414
7.597598449521034 -3.6611295890690387 146.5979359959855
7.727139550452192 -3.7007989227610696 147.67463824833348
7.8504310538030575 -3.735609110223187 148.68422972746285
7.972770638257 -3.7673058261148684 149.68121037022146
8.09872469204868 -3.798427553097585 150.72435041186762
8.229590629427008 -3.829161171278625 151.79228102155972
8.359670959118304 -3.860048237180077 152.84801663194756
8.485469631783467 -3.889348904361087 153.84339877280667
8.611829388817872 -3.91687374394372 154.80899155086385
8.743003178580167 -3.9435336093802893 155.77703127468465
8.884096979182036 -3.9708127981572057 156.79235157152877
9.037271177906545 -4.001731426212714 157.8758170438534
9.197626480613469 -4.0374089521430605 159.01479394930124
9.362498749203398 -4.077729161491803 160.19781504434818
9.52441464859807 -4.118743705903235 161.3821892005723
9.687059269122317 -4.15684606342816 162.557906564066
9.850206935217871 -4.191459186222875 163.71580385636182
10.013671035934928 -4.2232274339607025 164.86090664355453
10.176035548489343 -4.253574117513849 165.9930233878773
10.336750281899715 -4.284672286696603 167.13235079004957
10.497249925825772 -4.317797141748681 168.27490992149902
10.658667845698307 -4.3538893084155745 169.41585757823438
10.820779312220408 -4.392869505832177 170.54906859347716
10.98158068268501 -4.434659936973467 171.6807292470643
11.14419420744224 -4.477174165499435 172.81361405475923
11.308451021601844 -4.519022423804749 173.9544057283574
11.475099708670369 -4.5589348290680585 175.10410228229352
11.646669308209997 -4.597398209870678 176.26699413119348
11.815566231789276 -4.635870863239842 177.41846306497078
11.97903917662823 -4.671651061801008 178.52817872567107
12.13987176863624 -4.7066150873544474 179.62301980817102
12.30496268727736 -4.740263156913524 180.7172847817791
12.475879147308058 -4.7759136403905265 181.8504524492728
12.648687777429851 -4.811536224561735 182.99410631963116
12.821406698495451 -4.84669434936 184.13416035157775
12.988753255870634 -4.881696700178542 185.26074484032114
13.151528812758896 -4.916382177947408 186.36401122239135
13.309751287287606 -4.951726360948965 187.45380020453155
13.460443838971734 -4.986660480930283 188.52054459061412
13.602216822992686 -5.0194415063119 189.5496581419856
13.736483552095935 -5.049296208726233 190.54172898221702
13.870456556700521 -5.077331636798318 191.52169768160448
14.00609595267172 -5.106806113130307 192.52399974585538
14.139384263535115 -5.14076025592034 193.56062321491402
14.276696418633328 -5.175423874958247 194.62843392905376
14.41591885204491 -5.211118021457544 195.72310337709578
14.560970922319202 -5.247193171895403 196.84714924672855
14.715065854008392 -5.286620910888173 198.0133997549907
14.87328810515628 -5.329577037878076 199.21548441408132
15.035311342613593 -5.3738541854799875 200.44107601395135
15.195169940941275 -5.415584785186575 201.64141648064845
15.346346663360096 -5.452431085317896 202.7910004385296
15.486515613426283 -5.484329180692413 203.87773846805032
15.623899362334358 -5.512801112811207 204.93086284252524
15.76142758719026 -5.540459995840519 205.97663021629225
15.89687318139233 -5.569375670920839 207.02890229160099
16.03317313860421 -5.598057591488133 208.10104479609765
16.16726845581201 -5.628010557108047 209.18326053429834
16.303643158592518 -5.659843179338952 210.29188130021586
16.434627548656188 -5.692642908502992 211.3911269189215
16.56420727924052 -5.724946192654549 212.49842070925783
16.693544852224633 -5.755528664810817 213.61913385350658
16.826191427076363 -5.785462497836668 214.75487960606876
16.96118642288042 -5.8166213053062545 215.88829931615035
17.103113162744663 -5.847696817128367 217.04003431026885
17.25187004496054 -5.880248396715165 218.24648347084613
17.407139093299662 -5.914065827898654 219.50566724977318
17.564795793318222 -5.94681030783896 220.76844758882905
17.720977683214866 -5.9783408317613675 222.02516235869484
17.876286274578344 -6.010599653011757 223.27669624987354
18.033485423372372 -6.045704913917605 224.54392589428832
18.185431827756688 -6.083572240767418 225.81120124114125
18.340814427304405 -6.12222742705422 227.09664573424973
18.49356494879587 -6.162656612785241 228.38447374425508
18.64645027710563 -6.205652995520065 229.67569750785776
18.799687602657798 -6.249437770935523 230.96793890840283
18.954642902541693 -6.2909940000761875 232.27035931383318
19.10908639293114 -6.330833745577443 233.58943521201226
19.261173305836397 -6.370908983787467 234.91526702003586
19.410315736307 -6.410873905662686 236.23352022655303
19.554993756273774 -6.453676508454101 237.53808306336308
19.69389431580889 -6.49934768282226 238.81919205766604
19.82539198490858 -6.546776499162225 240.0550729661872
19.950742871243854 -6.59385405216489 241.21767243730343
20.069978091088867 -6.6399745526554685 242.30405103220738
20.186670820570413 -6.685843515655788 243.3480366272664
20.303175957007742 -6.7324088308728305 244.39726639537452
20.424849086732728 -6.779416446558037 245.47415549498788
20.552450233667226 -6.824680604061801 246.5747413627633
20.683747076234322 -6.868101975554768 247.6789523554578
20.818327766237925 -6.909192256748869 248.75775262875578
20.957190537197896 -6.948952569376011 249.81945127144266
21.0986497593416 -6.9877190299432685 250.8697552181715
21.245584199449617 -7.02442159554232 251.9336460267694
21.39368723501553 -7.059754084570404 252.9987619980599
21.546025439096017 -7.094487949730269 254.0783955459421
21.705562781470594 -7.127843141089464 255.16684045835206
21.870091985487207 -7.16172898360981 256.2725710389016
22.0411283892884 -7.195655835936485 257.4036431647619
22.219071838079596 -7.230574400622949 258.56273244001676
22.40337632004366 -7.268179576699559 259.749572879597
22.59200305254721 -7.307874088713097 260.95058628750814
22.786089078451795 -7.348672314929545 262.1614150353012
22.985568917163352 -7.387910197596539 263.37973838350433
23.187871242797023 -7.424195588703876 264.6074599419157
23.39915288151246 -7.4575900615024056 265.84911786499833
23.61790382037145 -7.490969707970344 267.1098191728973
23.837848971044462 -7.524990933179236 268.37510733586964
24.05683643206693 -7.558963113588368 269.6388938663543
24.27350374713398 -7.591357135769506 270.892360655768
24.485349313369 -7.624084219694602 272.13977015213135
24.693996029267797 -7.655590595851856 273.3596142125205
24.895581474602476 -7.686211124260159 274.54100734061944
25.0978102683308 -7.715846533120287 275.70677395205684
25.303781316208287 -7.745583562089285 276.887163978714
25.51716917454674 -7.778723801526061 278.1084034066845
25.7334818983663 -7.816482972518874 279.3459455347053
25.95066024607095 -7.855639501929428 280.58689704807875
26.1691034227843 -7.895032581723645 281.8267666542416
26.384255152998183 -7.931651170400296 283.0427252187927
26.596180563593194 -7.96376521916737 284.228416189528
26.802051912262787 -7.9924654064963985 285.3793628397231
27.00220034094935 -8.020162953520122 286.5026573928372
27.202843247018073 -8.045653347223704 287.61796020824914
27.405362500118645 -8.06984781520753 288.73619376349717
27.606618931572076 -8.09717501619281 289.87318855239727
27.808463055140614 -8.124938028589147 291.02047725525915
28.008408333193074 -8.152583997888414 292.1623661932927
28.208769531033557 -8.182159660835703 293.3101774577197
28.41447598825097 -8.213713721002522 294.47012872910796
28.62522819619441 -8.246997966638416 295.645939070576
28.835481238847684 -8.2822844025511 296.82511741988407
29.0428122382169 -8.319338452231557 297.98391343631516
29.239507623710963 -8.355356871112182 299.0681121848198
29.41091802968183 -8.385902947616446 299.9729178927435
