0.001068972619236946 -0.014256016267307103 0.9034653522598743
0.00905720536399364 -0.03006563718113765 1.818232514558317
0.02022741051664598 -0.045931574841876405 2.7491020544615314
0.03511488062605489 -0.060761914500920666 3.69920855639974
0.05349708493268493 -0.0742417970093165 4.66058475103905
0.07317873360391518 -0.08878639376739321 5.620963188183649
0.10015593009927626 -0.10512912044601196 6.588211168851373
0.12628137929323047 -0.12430389243501766 7.569101284113989
0.15125232636120525 -0.1439707477014729 8.560456728051328
0.17163778345800326 -0.1638374127634944 9.546475717234845
0.19429809119342112 -0.1834508845606959 10.506939773690737
0.21667726688042804 -0.2020066132579064 11.429082685475638
0.2432294949075094 -0.21823086220104976 12.348828143900713
0.27176782683563 -0.23425506541431462 13.302308549640427
0.3003772862351833 -0.25097304423723055 14.287317565204397
0.3276946153573747 -0.2701975870517535 15.287859856244593
0.3579460177120505 -0.2908493942654016 16.294109894005228
0.3875040538106851 -0.31415350562669153 17.297958371729752
0.41670927882346265 -0.338577613117621 18.284984166471748
0.44572854533178724 -0.3625721467735905 19.262879224980225
0.4768786861357254 -0.385729543978173 20.243485771237285
0.5098450829956241 -0.4095144371578056 21.229449108437816
0.5453147226266416 -0.4342804854471517 22.221718627114697
0.583522819870454 -0.46007082514024045 23.21956809445598
0.6266277419912487 -0.48720000668944213 24.242068680146076
0.672636877054406 -0.5171659240143764 25.28999188027764
0.7235029637301221 -0.5492248518091568 26.348536234420013
0.777735864181027 -0.5787313855125654 27.395316794075935
0.8355416490666909 -0.6048923737954671 28.420468835276836
0.8953532194717974 -0.6267403281390395 29.428575777836514
0.9574790436483599 -0.6470998381079243 30.436085272334857
1.0209532805203851 -0.6689981708717506 31.44076409526856
1.0839154604241217 -0.6931421499183088 32.46380358027771
1.1546556765363094 -0.7178430327117618 33.502116180718815
1.2285297196270846 -0.7432038573485125 34.55979219945781
1.3039013189407365 -0.7679492160389922 35.624730564737895
1.3828329209824526 -0.789446783239743 36.679306862450545
1.4636497257849068 -0.8092103642667445 37.736115617286345
1.5482653721459163 -0.8268061986505054 38.78685475073761
1.6385805388534187 -0.8430067060893672 39.82496221492591
1.7315250723863165 -0.8574436702859044 40.84097132020832
1.8235966680410374 -0.8717630228625528 41.82294043921353
1.9150170659892256 -0.8866625489478454 42.77825289717047
2.0063274302590313 -0.9011390642639286 43.70482244066307
2.096896355347042 -0.9143575541271982 44.60571880162776
2.188532839624507 -0.9267445845330959 45.499175093389105
2.282613896846428 -0.9400050059704116 46.40790809463474
2.382863220198605 -0.9543311765975818 47.339020609022384
2.4864249449000773 -0.9704742149123886 48.30388836140499
2.5932605817741887 -0.9889456207689068 49.29177945725143
2.705289050533909 -1.0097270886541436 50.29443662561334
2.8195021323396423 -1.0325635150045631 51.29689164792308
2.931656274821767 -1.0569999911605412 52.2849907467644
3.039163844380375 -1.0821790733496368 53.25053856618536
3.1463627964422987 -1.1045514553376123 54.173894873011534
3.2512938607474715 -1.1249648729196227 55.06649667314299
3.353961052606365 -1.1455251054170363 55.93462667233648
3.457903495373044 -1.1659053942761801 56.80349360683757
3.562618199352931 -1.1853298406320938 57.676742946957276
3.6712307227803844 -1.2057326868782001 58.5773942377255
3.7843737332646383 -1.2276456775306048 59.50725565307045
3.9042482017116633 -1.2504410383414724 60.460472945421735
4.030553168839921 -1.2718384839052308 61.42805674185593
4.1578738039842635 -1.294351549370816 62.39030201209645
4.282935243045743 -1.3200999940578835 63.34675306914077
4.407908065717895 -1.3444488221214073 64.28075016941875
4.533843451346799 -1.366350405736097 65.19637787580938
4.6583090174312884 -1.3876971178703514 66.09550044527556
4.788988943080893 -1.4086650114702397 66.9899421046371
4.9262459750602625 -1.432709583763977 67.8950302809368
5.069083069659682 -1.4614285385069976 68.81532347619738
5.21307268291881 -1.4910738050551922 69.73872648519743
5.364622622670054 -1.5203724661227969 70.66387714952694
5.5262386610336085 -1.5510655985448825 71.59969376008338
5.693873562797376 -1.5857248255023624 72.54916949686233
5.867900275412672 -1.6231213993355291 73.50489389080367
6.042891746531761 -1.6605415292740526 74.44856932096279
6.217913350779087 -1.6958285818617982 75.36382683048548
6.398048459729895 -1.7310674598661486 76.27868263833994
6.58646974940735 -1.7675809934632083 77.21024874114643
6.788990149013945 -1.8056277621615342 78.17499361355303
7.001566218480842 -1.8464790582726924 79.16384614269077
7.220329013441219 -1.8882448651076904 80.15806729894896
7.442793823623142 -1.9297562054745647 81.15102004126103
7.6626541920635445 -1.9693401674876545 82.13192037463075
7.878786390766559 -2.004317009350214 83.08996705475514
8.088632717186576 -2.0356503207898418 84.02253720399077
8.290775357458681 -2.0648742375806175 84.930263658564
8.490713424436523 -2.093862056236208 85.83904606974515
8.690194884387733 -2.122578010194716 86.75448458394447
8.891058240326677 -2.1515188058983346 87.67872534562355
9.088983498504586 -2.181146875355568 88.59923833135325
9.284373889150485 -2.2107212878138958 89.52112231824925
9.478590761056559 -2.2400162298739414 90.45197229286939
9.6685349498584 -2.2687406714583362 91.38686763105406
9.851638158063974 -2.296920040325202 92.30987633509413
10.029438699307272 -2.324511116954271 93.22469406216582
10.203648667185231 -2.35171138771483 94.14061990194134
10.373944867359663 -2.377856746378948 95.06269956812214
10.537121054822483 -2.4031934132616724 95.97773005625716
10.69895758371593 -2.426368254428571 96.88732599088507
10.863223523874352 -2.4488038156280982 97.8094430227452
11.032244978312042 -2.4711054088395414 98.7556691502018
11.208403636322556 -2.493089106381201 99.72277367831691
11.384162880381426 -2.51780038052123 100.71179805917177
11.565589198993434 -2.544391227573379 101.71526021852135
11.74936801877407 -2.5706957630373464 102.71616098354562
11.933897498183391 -2.5966579075108993 103.71830903514163
12.124263674580046 -2.6233415984308825 104.73350815751995
12.320152587540266 -2.6495746987733755 105.76722083592597
12.519026382401233 -2.673437354532631 106.80526380384124
12.718925882636162 -2.6954267834524037 107.83302917301684
12.919334969625664 -2.7140073672688425 108.84354110149286
13.118341471366668 -2.73111733814721 109.85148669654674
13.317494005789309 -2.7496775303839858 110.86735707186587
13.520190667553308 -2.76715426271347 111.88564226366167
13.718603327209165 -2.7859537731842834 112.90140982340404
13.910396022851343 -2.8033080438892166 113.88683305900159
14.098555353317204 -2.8174709494431234 114.83694983843128
14.284104419919226 -2.830759017333175 115.77093696472262
14.473975102141413 -2.8458124097381483 116.71061364323467
14.670393127725854 -2.8625608105988922 117.67153107033072
14.872799185541496 -2.88119109989333 118.65325646272906
15.076953525168744 -2.9024182390452076 119.6469252874034
15.281378989482256 -2.9239498466528704 120.64057388202822
15.483590870436117 -2.9436957237367523 121.63012155281595
15.686039569547813 -2.961730250093911 122.61887824198212
15.888984451944646 -2.977644255436481 123.60517233739645
16.092637895266364 -2.9921856174362174 124.59538689890222
16.298518406299735 -3.0062035133984826 125.5909716668489
16.508732800784564 -3.0192055049853614 126.59370716190497
16.71951237157526 -3.0319565996372106 127.60359316815727
16.928702010303795 -3.0434639055422514 128.61512459187438
17.138105512656153 -3.05384430486891 129.6216710327438
17.347254579268476 -3.0651522981061627 130.62305996699016
17.55986521315125 -3.076956855933378 131.62312836088887
17.77290498073186 -3.08905524532431 132.63200522895605
17.983806941080147 -3.102511616653284 133.6409533629408
18.196521845174555 -3.116282095550593 134.6545777581591
18.40556910129675 -3.1292551561280746 135.65699824837782
18.610499943712462 -3.141276666136546 136.64834638968696
18.809519548509883 -3.151742063068055 137.61330843211599
19.001054556761606 -3.1608973922456274 138.53940568996762
19.185914149487573 -3.1688111138462904 139.43015528193934
19.36424531474596 -3.17684801529884 140.29517201360926
19.545424154400152 -3.1841483243819284 141.16114269768573
19.732032766562746 -3.1911880862888684 142.04559861999493
19.9234022264383 -3.196972661773937 142.95357528433325
20.114545815900737 -3.204877637601404 143.88490748802627
20.311340165420006 -3.2121954408769926 144.83252799340318
20.510083480515625 -3.2183073378642675 145.77469251174804
20.70595533188017 -3.225120290575831 146.69973865881605
20.900125852987546 -3.233842571782578 147.60197702749343
21.096652296992577 -3.2440889781915785 148.51162519387535
21.29297246568148 -3.2540111620510515 149.4206458041128
21.491393782491684 -3.261741253219761 150.3367914130368
21.691275692716605 -3.266459106906611 151.24280848160106
21.892957547764706 -3.269991443297191 152.15331162181545
22.09898265413983 -3.271714734966867 153.0553849055856
22.301965902080223 -3.274659153618117 153.93759498038878
22.506381079882328 -3.277639662258698 154.80940785983438
22.71424538926812 -3.281569453597298 155.6927786610836
22.930744929243758 -3.286569445404444 156.60502143781676
23.14839967192117 -3.2900117905503956 157.51502918908128
23.359646797994618 -3.2927201139191142 158.3834877907538
23.552382394290593 -3.296276436212565 159.17810081008918
23.727460681882018 -3.299465104746067 159.89846376354993
23.889418046258324 -3.3013910261503256 160.56669857711606
24.044778010294813 -3.3026721322622667 161.23295771201066
24.208359194620584 -3.3000412638763112 161.92630819209367
24.39120857719902 -3.29435288918531 162.6962145431432
24.592543303240177 -3.288522100825808 163.55195355943619
24.809611398877674 -3.2835124784926686 164.47568377412696
25.038363716491318 -3.279388921661615 165.43911529598998
25.268912199483456 -3.2762990199295614 166.41028392637133
25.49552639932517 -3.273969065122272 167.3681958054147
25.714865315584674 -3.2715216378951064 168.3058799764967
25.92637437042694 -3.2673948924600795 169.22598191252808
26.133340991519205 -3.260910554932275 170.13193670271372
26.32736887491529 -3.2525084242902738 170.99968513131654
26.508836619954884 -3.2417900339869825 171.81838115498118
26.677685206674 -3.2287188375861096 172.60168053127066
26.848157623655187 -3.2135109592053364 173.39579446103588
27.02067031566743 -3.1964548364289573 174.21475439416798
27.19989815500939 -3.1776293882273476 175.07632721534074
27.38354358126966 -3.1570845643801073 175.96576129327158
27.57100082224379 -3.135174522277275 176.87333271015655
27.751663780599234 -3.1145829895550494 177.7725086662226
27.92473187525911 -3.0931436805855252 178.6479221853279
28.094123475260222 -3.071455706280079 179.51072752513366
28.262174596473915 -3.0500948554534046 180.36884514597654
28.432023917699464 -3.028041228352335 181.23330787810812
28.607635801047557 -3.006648527931352 182.11696619528595
28.784928532077814 -2.985770236300656 183.00664177449536
28.956259175339408 -2.966162218549501 183.88051199205245
29.124511005539322 -2.9462668906353118 184.72759007052147
29.289752127088217 -2.9276452865276665 185.55696363515585
29.452646205557365 -2.911260365597816 186.38084314548456
29.618765603687336 -2.8959341076510143 187.20854153853577
29.783766162080425 -2.88258702171921 188.034942104199
29.95399766281447 -2.868965938262574 188.87425906441615
30.131721987369946 -2.854802599668579 189.74159854159845
30.316751053921067 -2.8411821035482396 190.6362828856422
30.507626889101868 -2.828519644026608 191.54687573290704
30.70277249374897 -2.8149878551666427 192.4631203604414
30.89713820419088 -2.8010124841736124 193.37056657215518
31.09271149394696 -2.785721720316462 194.27219619054543
31.28833529283676 -2.76881887683769 195.16540630966026
31.486851336947275 -2.7523657740596885 196.06686272343157
31.685819072554818 -2.7375200406713454 196.9782125164049
31.891906703228884 -2.7229007302925243 197.91622903829688
32.10526668712184 -2.707219009420136 198.8738132229094
32.326528577685636 -2.688776033368782 199.85235595534
32.55591055065785 -2.668307953052098 200.8426764044238
32.78771151186857 -2.649496003708488 201.8371257880153
33.01815009459829 -2.632835675323101 202.8212498229475
33.243927064931455 -2.6176771577131484 203.7968687741252
33.469279516991406 -2.6021647858006105 204.76671506637385
33.695370627693606 -2.5891982334874553 205.74167809095337
33.92390561445288 -2.5797891108163093 206.72721176582994
34.15496471343984 -2.573767588584494 207.72515875758344
34.3839814836213 -2.5712554114528405 208.71336452054268
34.610202964360376 -2.5720765622945794 209.68470669352396
34.83042192571358 -2.575393854587927 210.6411450848564
35.04262433742474 -2.5780112980878926 211.5828024249856
35.24917407432274 -2.5738475250652777 212.48622848839716
35.45557142640808 -2.5651755113889467 213.35741431171107
35.66450531924376 -2.5553223804892684 214.2002661444755
35.8809228473582 -2.5485704194473615 215.04182073254194
36.10540736886736 -2.5461420920356317 215.8954686338184
36.33466708704201 -2.5446586404414617 216.7559513177913
36.56958723447566 -2.540395933131718 217.6162024934202
36.806333540326634 -2.5340565665162043 218.4702701900853
37.05074269777152 -2.528164782456979 219.34398614771658
37.29443658453839 -2.5239657161936004 220.20559293821924
37.53882157458513 -2.5200835638173316 221.061796695635
37.78231531863465 -2.517044622179906 221.9181253336899
38.02653706410028 -2.5155795817176565 222.77970518126142
38.27062798522822 -2.513556086086821 223.63560013023198
38.50617853720437 -2.5092921844256857 224.4552782561761
38.73769518186283 -2.5034145091129947 225.2456560074659
38.976976488747624 -2.497756426127444 226.0402559364524
39.22701266580854 -2.4926631508365817 226.84995325758365
39.485338579622876 -2.487933214586002 227.6826141045822
39.74660214016651 -2.4837368373096793 228.5228930044337
40.01059966754267 -2.480497046315336 229.36808171853892
40.28023660728034 -2.4758667765945295 230.22136739319276
40.55931441646811 -2.471657917510491 231.09871748576063
40.85238063624995 -2.466874852694413 232.00749575846785
41.150493346301545 -2.462955346811369 232.9296964232729
41.44916008944114 -2.4590831534264157 233.8515666864971
41.74544241637663 -2.4545663192761324 234.76935385958885
42.041507462229234 -2.448541695901519 235.68316455903124
42.33050016599533 -2.440878119888956 236.58138517069293
42.60920028160993 -2.432112354646099 237.45350550467214
42.88144660988569 -2.4232840060394603 238.31334767055736
43.150983463168046 -2.414937614510936 239.17444894533705
43.42570761484135 -2.406266750242973 240.0581488644166
43.69868244992424 -2.3983377127364145 240.95935278115695
43.96705553976305 -2.3905184091592995 241.86196810481005
44.221321371305855 -2.381702163259118 242.72245268321237
44.4580710027158 -2.3735768577696916 243.5307029703133
44.683436969274105 -2.36720792106411 244.30924188457678
44.903926615339614 -2.3624647264450402 245.08813499391255
45.12191837931847 -2.3579881496625634 245.86360292600773
45.330429384663674 -2.352244950732923 246.61002113593867
45.52348303797762 -2.346165620052128 247.32324393896315
45.7080417913101 -2.341701054771924 248.01867259275994
45.887912093538425 -2.339479266388248 248.71890040005084
46.059842281094 -2.3401212006834196 249.42481928074025
46.22136788944853 -2.3429569725260295 250.1282176304311
46.362297412730136 -2.349682844526844 250.8135203535589
46.48428924749548 -2.3596335852783046 251.48822264196656
46.579133389583724 -2.37094999839593 252.1118920305714
46.64578235979596 -2.3842796102745134 252.67548676335085
46.688525518536586 -2.3988807530856544 253.17141339183394
46.70711895792397 -2.4169067518603407 253.63998576959617
46.71379680245865 -2.4359994883620604 254.1354559773899
46.70153908797601 -2.4579871795243435 254.6915992596776
46.66730192689235 -2.4847446344348167 255.32732500194166
46.60926482360484 -2.514285193688263 256.0106515281854
46.51906696474359 -2.547756142390602 256.7143497104019
46.39467431066869 -2.5855792948297545 257.4141158870284
46.23471487344525 -2.6280208094418613 258.0996049686215
46.03486191368876 -2.674952977106452 258.76098256488575
45.80634079070075 -2.72426127387034 259.38948838581973
45.54799619517984 -2.776685331357959 259.9884619166498
45.26112934183094 -2.8317293224596813 260.5605984630166
44.92902170512181 -2.890536367939142 261.1119873876405
44.57125593327381 -2.949804452495715 261.64505643113165
44.17920244875884 -3.0120577138191047 262.1555741296042
43.76729224185956 -3.075609297100347 262.6514104959423
43.32719062110073 -3.138838936053133 263.1176722290307
42.8683740910402 -3.2008224929251137 263.56319662299023
42.39976820724618 -3.2619313495506383 263.97366290879637
41.91552732370453 -3.3241395480025595 264.3399003917215
41.43168734053359 -3.3865971252236826 264.6758537654927
40.953146524588156 -3.4482578039940743 264.96208451138364
40.49138829178776 -3.5064689281400043 265.19632929639283
40.05571379318742 -3.56105576917216 265.40148327968245
39.61949711626492 -3.616354774532283 265.56251485686255
39.17376284134422 -3.6726438985157928 265.70262989889574
38.722439733965686 -3.730153714439842 265.82902611610376
38.25288424510197 -3.7865739647953056 265.939449103284
37.76399906387318 -3.840939441968381 266.02300505393805
37.23889563093895 -3.8946744182719697 266.0821078130646
36.71604813498251 -3.946121230277063 266.14142046154666
36.178202513298 -3.9990864683796667 266.17616508384475
35.64018441885176 -4.048949858168716 266.18110783167646
35.10964274757967 -4.096435188238446 266.148178946769
34.61405624063067 -4.140370073767801 266.0848306354645
34.138574204989766 -4.18210482098587 265.9865173199375
33.66674088208487 -4.222262986227859 265.8672821662127
33.165391655688495 -4.264214069882385 265.74356149472567
32.646975714828415 -4.305596686582542 265.58192188091675
32.1118020991263 -4.3470697979966495 265.383261495769
31.54458574716169 -4.392117065466146 265.15251524166666
30.956799618717206 -4.437193077365897 264.88752504013024
30.35532118066884 -4.483999466432456 264.58917202118863
29.76031885364319 -4.535725266939692 264.2614068970485
29.14786924641765 -4.592408472528961 263.8948440491784
28.527502591077116 -4.651430749045927 263.4796206619423
27.896073986327004 -4.7110838621328615 263.03253465996244
27.266261239425766 -4.767335726678766 262.549186823311
26.635228140894355 -4.820790153677777 262.03106267961044
26.009658111180098 -4.872771976021323 261.4818994243884
25.396334272516306 -4.922344937359098 260.9092306051026
24.793052433303934 -4.970813391851484 260.3090168701134
24.212678699271873 -5.017773567206323 259.68913604277594
23.639737980404842 -5.065435639554887 259.04415153114905
23.088558668709407 -5.113321167032526 258.3856846762158
22.567457321521417 -5.159415123933267 257.7098360606544
22.067827920147245 -5.20317446535295 257.02776008995437
21.58465847498384 -5.244562312335805 256.3325653143579
21.11525259890531 -5.28365371302249 255.62322524738823
20.665914378454023 -5.32034478166757 254.9039159227109
20.210885485646422 -5.35641472237545 254.15017709328004
19.741081071088836 -5.392175553685955 253.34135452976687
19.257063387969943 -5.429288837941561 252.4672538775341
18.763984277347795 -5.466508122682001 251.55208057378718
18.264645075770094 -5.505000330770772 250.60341092031686
17.756218174173075 -5.545249734537897 249.618111070169
17.225183775781606 -5.589343756984066 248.5883480593937
16.67682404309699 -5.637408527409922 247.5304199404771
16.116073158744356 -5.687814310707323 246.45848787276776
15.558104348326022 -5.7383614293082434 245.39079948786272
15.001787110738148 -5.787535362052577 244.33705922171072
14.453488222139427 -5.835061378322802 243.30479647016784
13.916677902903428 -5.879631777152527 242.3044792346312
13.38744807253162 -5.923168859564595 241.3264457973111
12.860304675626532 -5.966738618806044 240.3599425036367
12.323641588822646 -6.01148283272919 239.38107833055312
11.77950712328241 -6.057977344159185 238.39609079535387
11.223605851808225 -6.104451352856039 237.3987122352858
10.664943798256878 -6.1506992428234195 236.4004878519044
10.10708990192391 -6.195434439833717 235.4098099742101
9.55738700111145 -6.237914451644552 234.4389747734758
9.013134094574129 -6.279328364035977 233.48249576083813
8.472759327919606 -6.32250725566371 232.5339543701976
7.935883130065062 -6.367431980079007 231.59680243479593
7.396560864654749 -6.415920380323413 230.65781434775369
6.847843317172969 -6.468902106116583 229.70211444767253
6.287071199256613 -6.522157289161283 228.72958095451494
5.720830331173545 -6.575082826594919 227.73531839141233
5.153919868094675 -6.62683809933843 226.73667099352804
4.591149476372936 -6.680359406295391 225.7373681156623
4.04392836944007 -6.734153176141637 224.75616323014944
3.503859856452967 -6.787890241687398 223.78636375084992
2.9693930034970437 -6.842277098245399 222.81727114098376
2.436147807058545 -6.896447099026193 221.83768340811295
1.9053968820017324 -6.949399575391564 220.85120926081896
1.3827793012516347 -7.0000422242868465 219.86681542912385
0.868783406742408 -7.0494308621735255 218.8924233804285
0.3673358059452593 -7.09854765329298 217.93299150318566
-0.1273425014074664 -7.149408661906232 216.9792921459047
-0.6201579992164823 -7.202032394365495 216.02029151090528
-1.1210715821056259 -7.25629082614138 215.04159352412643
-1.6282457580378564 -7.311894938696458 214.04439282114376
-2.140863493491083 -7.366907359053511 213.03384548737228
-2.6595002566166435 -7.421610379200067 212.0131023908193
-3.178121264523071 -7.475669439146337 210.99581204041965
-3.695702850662811 -7.529719174423069 209.98720703627052
-4.209501407589424 -7.583421898590021 208.99945185356145
-4.715609935776155 -7.637161462812873 208.02522383048893
-5.214773819416166 -7.689915777618511 207.06762662379288
-5.709413434664281 -7.742026523579744 206.11948536350008
-6.208399650647366 -7.7960164488596595 205.16121825472007
-6.71503811245826 -7.853314399477105 204.18917932971954
-7.224209610076269 -7.912125544850634 203.20810714450235
-7.736870604712888 -7.97239353569502 202.21428302301217
-8.249031843737189 -8.03255701961809 201.22574021042882
-8.759196510304012 -8.092726196254594 200.24046167139872
-9.260648204146575 -8.151713836994158 199.27874256430354
-9.750195053797583 -8.209273149618856 198.34286470756535
-10.229197619723827 -8.264251576527204 197.43321138210254
-10.704138517091723 -8.316669612655891 196.5379916535375
-11.180509564875418 -8.367368352933799 195.6509043389705
-11.65682649934232 -8.415561349493059 194.77457064823008
-12.130824111820361 -8.463185103164484 193.9043407903749
-12.59949330464505 -8.509887153823687 193.04286508214196
-13.074622876121554 -8.556939505039532 192.17731162434254
-13.55695678971259 -8.606299523316983 191.30158942563904
-14.043809668075038 -8.657987790006612 190.4167392190212
-14.534955847770638 -8.710967178881154 189.5265708320429
-15.031523535062263 -8.763991740404887 188.62916282523796
-15.537458179580593 -8.816469033557832 187.7171503701795
-16.05377568478859 -8.869450873618275 186.78629108343682
-16.58710862681074 -8.92430560410713 185.83049799211878
-17.132517791771978 -8.981818482640186 184.85550742378783
-17.684646391064764 -9.041557242209954 183.87524011472547
-18.236602675685084 -9.10113132068739 182.9040725143751
-18.791255775119108 -9.158672216616974 181.9467109257618
-19.344238929543963 -9.2146666868575 181.00148475471357
-19.90027777926754 -9.269858595282345 180.06153550759603
-20.448814695126025 -9.322625543216086 179.13591523582417
-20.995075779613625 -9.372180575917465 178.22260495553252
-21.529942234970367 -9.419142586213306 177.32893556377462
-22.056818317370343 -9.462734373386576 176.45491209783668
-22.579109565135333 -9.504689836386245 175.5918021283471
-23.10379689241343 -9.546089048225708 174.7304261084198
-23.633140028476422 -9.587995323237438 173.86151507071645
-24.17881320038997 -9.632414620717617 172.97041919704532
-24.73443951673032 -9.679112100390268 172.07082113405994
-25.287260530531917 -9.724568407557852 171.1802019463794
-25.83419160064466 -9.76809645938517 170.30135904173545
-26.37810725432297 -9.80918100795799 169.43300777743264
-26.93478238406287 -9.850456116218568 168.54770085157827
-27.499841593919374 -9.89311156190179 167.64612422935724
-28.0630187822128 -9.936781630378587 166.75154290422924
-28.61186224664172 -9.980491044509328 165.87688204743856
-29.133374434831087 -10.022613136809 165.04141199598098
-29.633345603939457 -10.062862276764442 164.23501242606983
-30.117303590099525 -10.100297087748215 163.45270449301688
-30.59981052306515 -10.136754920151464 162.67207633207116
-31.093293857417116 -10.174329487287059 161.87172413495256
-31.58587795499839 -10.214140981090623 161.06338796942035
-32.09135530035971 -10.256036722452407 160.2344972774791
-32.62274760382075 -10.300949145922452 159.37094359802597
-33.17868054908106 -10.35045218933879 158.46375356764557
-33.744827043198114 -10.405352966755087 157.52722547107138
-34.29106185606977 -10.46160831440471 156.6175703406122
-34.80752113241914 -10.515576772338799 155.75612242171508
-35.28206870164636 -10.565209332008946 154.9587340363847
-35.730482264943895 -10.611650864545792 154.2005076720104
-36.16242230775731 -10.65481156564906 153.46581392354125
-36.59241792063112 -10.69569404109287 152.73430086200577
-37.009376400126364 -10.734165056717101 152.02448059122858
-37.41146259071672 -10.771775368462906 151.33522011432427
-37.80563702227009 -10.809541467698894 150.66052606603617
-38.19554583839865 -10.848375633020572 149.99095426018127
-38.581448432511344 -10.887302474605006 149.32778190146846
-38.93786110984279 -10.92280176208747 148.71213710916356
-39.25914837605116 -10.953714515865483 148.15388575867755
-39.56732560141827 -10.98271043635455 147.62375449151045
-39.876445115373926 -11.013471586836035 147.0883426369504
-40.19141150919527 -11.046657034575663 146.52481661889564
-40.52515953366745 -11.082924140767355 145.91959974408329
-40.880063594638884 -11.123323576599018 145.28427612796563
-41.25263019126344 -11.167011529215515 144.61886445840696
-41.62297251763712 -11.213391867415055 143.9378675684173
-41.98447953628664 -11.260690680126714 143.25830690634083
-42.33113596851488 -11.305698168144204 142.5963417799585
-42.662633710474175 -11.346911049395546 141.96305178410233
-42.981685921222315 -11.385192413095918 141.35111287921072
-43.305881857158695 -11.423598777932895 140.72388167602023
-43.65807014210897 -11.464955620737896 140.03415478041148
-44.0463231334042 -11.511584374952722 139.2591048443908
-44.462600857721284 -11.562046695180422 138.42089025329173
-44.881896390095164 -11.611098874710454 137.56898167748005
-45.27695045525742 -11.65452557521659 136.76530457345663
-45.643682651103354 -11.693613258151926 136.01304854919724
-45.99770322991963 -11.730995679948908 135.28055608836294
-46.35547179816834 -11.768271855470083 134.529380832551
-46.72406966237395 -11.805698956514876 133.74175913653417
-47.10045740752252 -11.843863739364567 132.92284519032322
-47.48397276304036 -11.881777163926854 132.06918109199384
-47.86628977279821 -11.920254036859507 131.20132154759915
-48.238141130896594 -11.95896070862208 130.34674270983174
-48.59347443500389 -11.997063219122762 129.5122958399219
-48.94505590421233 -12.036232803131046 128.6692187117157
-49.306974862366104 -12.079547282631339 127.79020878619616
-49.671509082061675 -12.127596946271053 126.889746768584
-50.0202031861661 -12.176125067909272 126.0186942125
-50.32845861543734 -12.222906734786156 125.22683348207939
-50.61259467888336 -12.268924120938607 124.48269340163208
-50.90694599018095 -12.316453099886393 123.70352123976367
-51.238313378939104 -12.368656993392566 122.82082966693288
-51.61321577328263 -12.426601195172415 121.82037829726775
-52.002301442016105 -12.485671444162993 120.76834649378969
-52.39581567638978 -12.54511212980633 119.68828677245338
-52.7945249200469 -12.60413719101001 118.60202770044738
-53.20009085738432 -12.666280431120812 117.50299013781262
-53.60477868361246 -12.731380018462678 116.40261756236976
-54.01152316035404 -12.797596085617927 115.30764124028379
-54.4230249894293 -12.865561892804756 114.21801263315947
-54.841152200158035 -12.936463854484579 113.11884073379527
-55.2581076130714 -13.010013907188693 112.01710875444886
-55.68076029918028 -13.085281199623443 110.91966673206414
-56.094340587371704 -13.165300336022083 109.83207506511992
-56.50439695649127 -13.24678433167867 108.76524964740626
-56.9257329270587 -13.334945530788575 107.69182947114314
-57.35666896397 -13.429344143749473 106.61883639327154
-57.78499200493396 -13.521567622814425 105.54928302067118
-58.209242790210546 -13.606984986218789 104.49167633812415
-58.62489538086188 -13.688306085115517 103.45820384378358
-59.03872354690371 -13.768134772393571 102.4407661181429
-59.45043530986669 -13.846072116328191 101.43612463973325
-59.86690528240509 -13.92297903691656 100.42902805568794
-60.28893986980066 -13.99771551575975 99.41773706537013
-60.70919437091393 -14.070217649103975 98.4134166651905
-61.124710596652896 -14.139639232514616 97.4199745561476
-61.532849734986335 -14.206339950007623 96.44076012100312
-61.93710545293742 -14.268960326912408 95.4699266016689
-62.3489026030082 -14.331520256744453 94.49093100843572
-62.76472953791212 -14.396324789350095 93.50205929834678
-63.188445768675926 -14.46336179334374 92.49981076322246
-63.61628015496017 -14.531990219689366 91.49102622619532
-64.05041767521166 -14.60124602093068 90.4750891907491
-64.49002787241336 -14.671861275496978 89.45042288576487
-64.92900773800939 -14.742463685543292 88.42898754266143
-65.36515296772615 -14.81160808767661 87.4143266921802
-65.79286030353197 -14.877390463885895 86.42032826916261
-66.21678874520458 -14.941788004193274 85.43709305772173
-66.63666478508092 -15.008375282899502 84.46543791266076
-67.06383394078779 -15.08030298805199 83.4789599833706
-67.50658621229792 -15.159302165434893 82.46042613102686
-67.96196594542184 -15.243641640144887 81.41156381095894
-68.42228369184467 -15.32713444386527 80.35184948970205
-68.87884380859197 -15.407708316965394 79.29975634906177
-69.33026658822553 -15.486086323035167 78.26227166628736
-69.77518998436086 -15.56404985987303 77.23581452207867
-70.22002886387433 -15.643285743118389 76.21927421579075
-70.66293077241073 -15.72468075524142 75.2114719477761
-71.10106720412121 -15.806281726841718 74.2140281907481
-71.54231134192244 -15.885698036266643 73.22233446509159
-71.98852700276035 -15.964048143047133 72.23176799011082
-72.43752830759502 -16.043250756590744 71.24178141678108
-72.8848493977664 -16.122271209699573 70.25951984535172
-73.333425441137 -16.201003650826348 69.28076801524695
-73.78574184301893 -16.28111954566837 68.29397675524926
-74.24168742199855 -16.3615200729259 67.30670443443118
-74.69176602658368 -16.440789957288796 66.34146136017272
-75.1247385249277 -16.517783895170354 65.41221592342858
-75.53857903315429 -16.594005794264852 64.52311398318749
-75.9473701134251 -16.671135288704196 63.6534831410309
-76.35611650811651 -16.7515641312508 62.78356376607405
-76.77066517327566 -16.836076059155985 61.90512003739797
-77.18836358083283 -16.92199231186823 61.02514072890226
-77.60221718084149 -17.005330459280923 60.15405325565435
-78.00707344430111 -17.086662128551033 59.297272749509936
-78.4090790299685 -17.16662198855739 58.44305563514884
-78.8147407048917 -17.24722542395973 57.576779265975674
-79.22640118297171 -17.331020251368646 56.68985954126735
-79.64070931730265 -17.417969047692726 55.790112108597455
-80.05318865537059 -17.503576405435304 54.89427912101872
-80.46110052910966 -17.586086079555393 54.00753843160735
-80.87106438892904 -17.666436216994438 53.11817766673271
-81.2817885163213 -17.74608560538907 52.2349381033118
-81.68795472202295 -17.82590276969027 51.362328902641025
-82.07892408247884 -17.903851220122963 50.527541656839716
-82.45125717379801 -17.980113426751224 49.727351234871925
-82.80790278807567 -18.05481298711016 48.95560382884859
-83.15753265906841 -18.13017474585919 48.1983112824812
-83.50630063122173 -18.206492782900625 47.44796283949227
-83.86443099372795 -18.283733562873227 46.68366987412878
-84.23074239615278 -18.364246526911106 45.89306177403272
-84.61164650016008 -18.449761605512148 45.067352377045374
-85.00374218777418 -18.53888123711313 44.21181863423626
-85.4096567320646 -18.630565934217636 43.32502727995636
-85.82776969606623 -18.724384012444126 42.419882864682165
-86.24992400551486 -18.820475034001564 41.498885254912764
-86.67509634042683 -18.91519623038621 40.57393264858681
-87.1068767413703 -19.013017761892925 39.63553100555864
-87.54366186432486 -19.112830863976406 38.694964734586826
-87.98165247407512 -19.214717867547492 37.746498239030664
-88.42068217702678 -19.315993423188207 36.79912965723138
-88.86951628443349 -19.421232905001432 35.84082011067685
-89.3204735515226 -19.528972522434486 34.88140463824237
-89.76371296042588 -19.636294411542302 33.938451967890906
-90.19676459127413 -19.743403384551847 33.00870270436894
-90.62100729724823 -19.849614431957654 32.09179745482139
-91.04707471821628 -19.95583142719095 31.170918327270595
-91.4817069832688 -20.061968408129093 30.239261020370904
-91.93016363283888 -20.17011578363825 29.291136101824694
-92.38602819360563 -20.278747799963963 28.336741046596856
-92.84965179056134 -20.388565208646455 27.369253767373483
-93.32200032177336 -20.499483336599084 26.395417807817704
-93.79528602188932 -20.611334412652205 25.421720909294987
-94.26729801547027 -20.721454604120996 24.455628120830447
-94.7308757641341 -20.829651348419777 23.50654084918646
-95.18386303997835 -20.936253533929502 22.57552871893526
-95.62860039343212 -21.041481846055337 21.665276453351584
-96.06667816905741 -21.146791146979393 20.769435583092086
-96.50145577646491 -21.254621195904704 19.876015540454937
-96.94294949978641 -21.36845241181838 18.974011662289737
-97.39130188049354 -21.488117153995795 18.060264798819535
-97.83629852163551 -21.610478405696014 17.14667001513024
-98.28028102654592 -21.73338617238437 16.2327098131863
-98.7230440049763 -21.85543872571232 15.319571942778607
-99.16504881502202 -21.97716886793555 14.41052718597921
-99.60222636844377 -22.096639477729124 13.511416102669843
-100.0408249803489 -22.216157418871344 12.610503539971067
-100.48496215063794 -22.339270524560927 11.703063973158436
-100.92797311448827 -22.46225790156349 10.806314147377872
-101.36682074858244 -22.584822754820937 9.920865485190898
-101.8009581799488 -22.707648626856212 9.044764560883916
-102.23543689657794 -22.831847337684277 8.168153610270597
-102.66455741741214 -22.954120322340923 7.303868043726993
-103.08570611888946 -23.07375906253564 6.4492679740471965
-103.50322566728514 -23.188882690347928 5.608119882354964
-103.9226448732136 -23.302081668363336 4.768931587567586
-104.34209492910766 -23.416043226795768 3.9293246093511742
-104.76533838581177 -23.532022650346512 3.0816090381182315
-105.1963899634652 -23.652223472755058 2.220574802268721
-105.64142547264896 -23.777599588598374 1.3415965675690513
-106.09838613104075 -23.905200289321556 0.44877973623784584
-106.55851291022337 -24.03389841194255 -0.4500440063787714
-107.01488692668988 -24.163575230663685 -1.3430877060443562
-107.46396441827137 -24.29356954018851 -2.2244891371098454
-107.90465826749777 -24.423613093655117 -3.094905253009299
-108.33933956184477 -24.553565255491254 -3.955572944903188
-108.76684841259883 -24.680302267217343 -4.80223366130955
-109.18743133225175 -24.802839675200797 -5.639037396304834
-109.60525571439798 -24.923457775658033 -6.474373410289167
-110.02853314615852 -25.046255748564498 -7.323334648371376
-110.4630385254523 -25.17341964215377 -8.190770697503105
-110.90428303257441 -25.305238774022598 -9.074433754707384
-111.35614120607883 -25.438990322659507 -9.966998021009362
-111.81316751205837 -25.57481132019314 -10.868658994972545
-112.26900121563783 -25.708586751472648 -11.769850621618497
-112.72532720681497 -25.837673293325395 -12.666523354418377
-113.1791582304202 -25.964246893340118 -13.554896986028316
-113.62654029441786 -26.088098491447184 -14.432070189924763
-114.06837648883234 -26.2087713051343 -15.29664933034101
-114.50991423963227 -26.32960119436527 -16.15531810450205
-114.95181392649228 -26.45339597966584 -17.013957787621816
-115.39253536895782 -26.57861348051434 -17.87041454030806
-115.83447084864065 -26.704907917990713 -18.726251264944747
-116.27802599637542 -26.830857593532986 -19.57252264362498
-116.72403790462208 -26.958113102924397 -20.41887557363188
-117.1743515991332 -27.08575070406036 -21.26531036304477
-117.62889414767854 -27.21548487604801 -22.11980071082792
-118.08832550494168 -27.347043640910588 -22.982081617189678
-118.54892262280133 -27.477951904685295 -23.84744628823758
-119.01117325669114 -27.608860662063652 -24.719059907406926
-119.47819554979863 -27.741417272888757 -25.593034118522247
-119.94063375412469 -27.873120048600708 -26.452948291880986
-120.4011084561566 -28.00387917688943 -27.311007555666848
-120.87205304459457 -28.13672993695325 -28.186371212592906
-121.36230800886293 -28.27326715035474 -29.09120760560632
-121.86589728437275 -28.415072409892282 -30.025672328784143
-122.36990315069444 -28.559507071530447 -30.96616222764661
-122.87650142513367 -28.70525237544942 -31.91219430584727
-123.38226630753218 -28.848712375086496 -32.84874266518965
-123.88790501346479 -28.99001322092617 -33.77958185960714
-124.39397648333166 -29.129168138534357 -34.70365680604381
-124.90491201085034 -29.26848755342788 -35.62794063024114
-125.42395056198664 -29.41021399865741 -36.5596377467714
-125.95602777028918 -29.55381021271494 -37.5001546113949
-126.49379610771611 -29.696669052263484 -38.43669393961096
-127.02524039555531 -29.83810837743544 -39.362601682516086
-127.54782460746182 -29.97548827933887 -40.2674906482614
-128.06758313377537 -30.111049018374704 -41.16917243417787
-128.5822798864647 -30.243694825445058 -42.066606720093766
-129.08899980390612 -30.371828690296525 -42.95091863434348
-129.5780213814189 -30.495045333427882 -43.80936889204712
-130.06190923489558 -30.617615565358054 -44.65536935006795
-130.55868769527044 -30.743535834986783 -45.51306537297786
-131.07817020694998 -30.87591964526511 -46.39732789911223
-131.6099808132209 -31.010530975741343 -47.30023023105672
-132.14803601635487 -31.148501611569127 -48.22363944645332
-132.6753509689015 -31.286560291793382 -49.13533419701533
-133.18080096386745 -31.422919700219804 -50.02428703764044
-133.64743162999105 -31.555385753479523 -50.87947044243593
-134.07260306217927 -31.6835948809807 -51.706271797609816
-134.45040511727092 -31.810255833831633 -52.51596366594809
-134.79435722542186 -31.935986909285013 -53.32098090461921
-135.10288295865453 -32.06147240489601 -54.11866689075656
-135.37913787806872 -32.18379186645246 -54.90289245763243
-135.61704279166682 -32.30430374260848 -55.67344063503732
-135.80688760448484 -32.426566383554466 -56.441665351282914
-135.9533162570051 -32.549986342334314 -57.197556831081066
-136.05529024909657 -32.67316896359879 -57.93896009488518
-136.11666065440215 -32.79368728214848 -58.65563207757761
-136.1372539808204 -32.90911867986479 -59.339332135342175
-136.10932107750264 -33.0189437342326 -59.98519579014395
-136.0427180037155 -33.12268720735246 -60.59305881850489
-135.94698738080098 -33.22320018274694 -61.18200698764819
-135.80943069828194 -33.32073191500411 -61.75077695911459
-135.6488208284644 -33.41598441875456 -62.30977006430054
-135.48580125675946 -33.50139866270599 -62.83619374173113
-135.3213573360126 -33.578025716122156 -63.33045765598511
-135.15772221265829 -33.6476020226987 -63.77312569180759
-134.98357737207326 -33.71657336194064 -64.1777137368001
-134.77721670376388 -33.787829537074664 -64.56204543491562
-134.5533303263519 -33.85987265955832 -64.93783015209544
-134.31151047246126 -33.93357516182259 -65.3213508414702
-134.07193152283563 -33.99992380626453 -65.67274699234781
-133.83042926745708 -34.06251578722046 -65.98691003775612
-133.59683606905557 -34.119659440492306 -66.25203153081543
-133.37209671872685 -34.17543585163453 -66.49650750271377
-133.16596119163898 -34.22657187999098 -66.72602472942654
-132.9592370842097 -34.27706729285163 -66.94647748917939
-132.72750657066308 -34.3307271805154 -67.18428496534271
-132.44697394302312 -34.3856232700639 -67.45250786537606
-132.13748444430223 -34.43740957549946 -67.72584016048346
-131.8283311115262 -34.48041101742504 -67.96274884651963
-131.5158942611103 -34.51728026621474 -68.158506553153
-131.191898884164 -34.5519846076198 -68.33774026428276
-130.86068856099217 -34.58354379526549 -68.50434888261223
-130.527608348492 -34.61128686470828 -68.64978235115747
-130.1805517373415 -34.636614870720926 -68.77684747489944
-129.80062629410372 -34.65998528313676 -68.89767270404735
-129.39309919926413 -34.68364884835703 -69.02555793411359
-128.95116103693977 -34.70376597487512 -69.12418804678339
-128.49648914915383 -34.721953895536004 -69.19962193141106
-128.03630851028458 -34.73924379326734 -69.26212244757045
-127.57869202488784 -34.751990135450484 -69.29853121392448
-127.10266279525992 -34.758220296568915 -69.30546842989712
-126.60847550164978 -34.76479156382554 -69.30548072234022
-126.09128160442584 -34.77168196818092 -69.2742124850342
-125.56163146490398 -34.77486232266705 -69.21492549344701
-125.01875069979017 -34.77249471266207 -69.12801098630253
-124.4657239603307 -34.7639265261174 -69.0059539543534
-123.90570179946985 -34.7528980806639 -68.86581975134285
-123.33933504665082 -34.738995415408574 -68.7100774101224
-122.7583648054388 -34.72063378494783 -68.53592022398684
-122.15464276305077 -34.69563036619301 -68.3415680359305
-121.50332044854548 -34.66451347422335 -68.12229215879837
-120.80234936437209 -34.62765456546955 -67.88300693791676
-120.05493318914735 -34.586765543471415 -67.6302885086706
-119.28163564320877 -34.54595856109958 -67.37340621895149
-118.48981999815935 -34.507049136872276 -67.11162864766526
-117.67731123560462 -34.46932982424896 -66.84087148694569
-116.83434112638696 -34.43051680512954 -66.56082079330137
-115.96388747818357 -34.389300794718686 -66.27006751688141
-115.09054584129682 -34.346945833001755 -65.9761201115488
-114.23053972248212 -34.30485414370094 -65.68662070068994
-113.3926197436227 -34.26440749979564 -65.40603113539305
-112.56894670461347 -34.224699800729304 -65.12988443846231
-111.74039620148052 -34.184695691514385 -64.85211499571241
-110.90938145739013 -34.14630121482875 -64.57380045315551
-110.07555784103022 -34.108435294016495 -64.29445728096512
-109.2501430686845 -34.0704065215657 -64.01925450108163
-108.42307568854898 -34.03218726137187 -63.74453542291276
-107.60639680004077 -33.995091761874725 -63.47669428180951
-106.81931811719622 -33.96039299952126 -63.21844332986757
-106.06100316159558 -33.928181032447114 -62.97142769756944
-105.30707200544293 -33.89817732549533 -62.72804977298542
-104.52560398312147 -33.86935867525197 -62.47696280318818
-103.70900634318802 -33.84111953369143 -62.21678368629225
-102.88674801200408 -33.81474887977289 -61.9499764473663
-102.08760630680587 -33.79076134257728 -61.69087478758405
-101.3337369311527 -33.767669669433026 -61.44457270868623
-100.59625969725158 -33.74324686039757 -61.20132925911421
-99.85496200367041 -33.71977378880437 -60.9559287820752
-99.08993089304776 -33.69772895281113 -60.70089274389645
-98.30312092977482 -33.674957153398346 -60.434353739458054
-97.49261001577463 -33.651076545883846 -60.162253866198306
-96.660056743581 -33.62987734398717 -59.87883281971904
-95.81073249880633 -33.61128829155624 -59.58321151392727
-94.94794644025109 -33.594960327153736 -59.277861613503944
-94.07886228744981 -33.57754875489136 -58.97224068589043
-93.19054635841096 -33.5606108835323 -58.66202433060986
-92.28483063637951 -33.54335284545782 -58.34701950915495
-91.35015593178302 -33.5235860334272 -58.020810563393326
-90.39493344082544 -33.50296170551586 -57.684400550833935
-89.43420911200762 -33.47851656792715 -57.34564851636347
-88.48141094218857 -33.448845868766746 -57.01006554507039
-87.5367523621051 -33.4156724164782 -56.67962530061466
-86.59954884329125 -33.38240843703233 -56.35569882458506
-85.67064159560466 -33.34799877658346 -56.03667137958028
-84.74613405344253 -33.31381210634613 -55.721494276868626
-83.8171533757342 -33.282862840505196 -55.404933916784444
-82.88739529393773 -33.25540782777675 -55.08715773361737
-81.95538061724827 -33.22814733224937 -54.76835775457933
-81.01792989034814 -33.199336128653044 -54.44601219100776
-80.07437851596121 -33.171459375160154 -54.12086826157967
-79.13080569251193 -33.14527260021049 -53.79712535483182
-78.19373550874757 -33.118722949292675 -53.47776242543059
-77.25469458810528 -33.09103540128187 -53.15978966759002
-76.30687819781816 -33.061313765572834 -52.84085468055565
-75.3534828589304 -33.03006065101096 -52.5191389812555
-74.40175591330032 -33.00141354153591 -52.196551332693964
-73.47914281530265 -32.975385554717825 -51.88611316103922
-72.61848168901017 -32.948965752438724 -51.59669838327242
-71.82131712876568 -32.91972117487015 -51.33445081050537
-71.03850610411358 -32.89134809794936 -51.07323684063736
-70.22267425371048 -32.86632174432809 -50.79822479625497
-69.36689582834055 -32.84110475597491 -50.505218315620766
-68.48806909057328 -32.81424001633844 -50.19944066707464
-67.6204187671416 -32.78725444183116 -49.89579452435005
-66.77003557352337 -32.763713299502506 -49.597813666644875
-65.94565699082521 -32.739527156855395 -49.31347708928487
-65.13873508616173 -32.71487604300915 -49.0307357358001
-64.32629642224346 -32.69049615883051 -48.74354356556912
-63.47513517321364 -32.66574049686292 -48.44096699090285
-62.59018846321216 -32.64131988486488 -48.1296513958962
-61.683533079784 -32.618811469370655 -47.81158730503867
-60.79990152746622 -32.59991148437615 -47.50290528878559
-59.94523156022655 -32.58381420230642 -47.20731450909261
-59.119008377404995 -32.56773880336424 -46.92461232997621
-58.301464107825915 -32.55259140653189 -46.641862222678895
-57.47745330610215 -32.53730672311958 -46.36196088521969
-56.63497994507226 -32.51970651118759 -46.07864810365866
-55.76451502010008 -32.499960042824895 -45.789400694133874
-54.87920215016904 -32.479312280628825 -45.495591444545234
-53.99103290847531 -32.4589866315961 -45.20510458527436
-53.11734973288148 -32.44001573287986 -44.9235154618554
-52.25525674233914 -32.4215606107961 -44.64769739994681
-51.42060341232611 -32.40341316364326 -44.38189701592812
-50.606134515844694 -32.383362633446936 -44.12889167893267
-49.811759479220164 -32.36358271659072 -43.882031686161696
-49.01776645574567 -32.34691347725161 -43.6397403951416
-48.21523533382116 -32.331257056888255 -43.401634299931935
-47.39455088250688 -32.31725866805406 -43.1567565097417
-46.54787766829552 -32.30631762107853 -42.90400215647274
-45.70006145633195 -32.29932270856753 -42.6520596103105
-44.860341845046506 -32.29242747652201 -42.403775725356404
-44.042273869618406 -32.28521524668884 -42.16282240252965
-43.244502845209475 -32.2786977558204 -41.92989093787927
-42.46600877048908 -32.271683913761144 -41.707180815060035
-41.69725217597801 -32.26213734004927 -41.48771445557002
-40.918418225778574 -32.249919590502564 -41.267251822179645
-40.12868023294094 -32.238256057257786 -41.03778099191873
-39.28107480915852 -32.229001947063985 -40.78884765272796
-38.391091635929655 -32.2225011181756 -40.5167962963029
-37.45009883610796 -32.21781697867012 -40.2317794216424
-36.49834831734863 -32.21477501795499 -39.94452402493734
-35.54212892017685 -32.21259967953873 -39.66222046827071
-34.603694373816204 -32.21199219421853 -39.38663623670466
-33.694655134863325 -32.21220153976036 -39.12152032761986
-32.81822228010542 -32.21338682314115 -38.870764913746186
-31.942319389819648 -32.21462011982064 -38.620733714957105
-31.04222712896588 -32.2160651484966 -38.36516328176915
-30.094226684935762 -32.21798236634169 -38.09804757018041
-29.115551575216298 -32.22171270800958 -37.821768910374644
-28.12588037096513 -32.22566423308054 -37.54522541157642
-27.142887586448563 -32.23100910641819 -37.27109055311012
-26.166892671165066 -32.236571180449374 -37.00104099223912
-25.18980299925381 -32.24238421590098 -36.73138923285472
-24.23025343469593 -32.24817283169838 -36.466089888404404
-23.290945878679047 -32.254493478362704 -36.20889697113052
-22.39317447094077 -32.261967780370796 -35.96751638176986
-21.504179748631135 -32.269125653438834 -35.7321395535495
-20.58713467172373 -32.27490845244566 -35.491849143397125
-19.629034617164823 -32.27884010797021 -35.244333291347814
-18.640858884001442 -32.2839509049404 -34.98716809997974
-17.64348673237273 -32.28899541537325 -34.73438772645191
-16.655815151177798 -32.29605236291772 -34.486921202140095
-15.684236723347295 -32.30458023932629 -34.24260133535144
-14.714698459336148 -32.312796446265175 -33.999246195072516
-13.726075971051037 -32.32174006752399 -33.75404544121323
-12.71825811346866 -32.33248307176466 -33.50595959573666
-11.697511961643086 -32.34301130035047 -33.25821800326071
-10.661735658281017 -32.3548454369943 -33.00928374598724
-9.606096043583497 -32.369173752477934 -32.758022374043044
-8.529647177969247 -32.3845524401905 -32.50712293605371
-7.447746796220663 -32.399185926433965 -32.26040480599412
-6.378954421774541 -32.41170274682934 -32.01767599405448
-5.342004245510862 -32.42192320053978 -31.78591836430908
-4.3389670796796 -32.43129945202646 -31.562933105877462
-3.349033476555519 -32.441100359428575 -31.349372212148968
-2.35407249001486 -32.45273907147741 -31.135289494069127
-1.3297878099587273 -32.46396595406057 -30.915931324915828
-0.27990288322976786 -32.473135048561865 -30.689117141347356
0.7807409375112483 -32.47908629118829 -30.460516072564637
1.8377751168296639 -32.48194224078936 -30.233381105435605
2.8903120460880443 -32.48104858150092 -30.009094103639953
3.9366691385763435 -32.477205918905696 -29.79148017104493
4.962957776050532 -32.47217846757328 -29.58077009187491
5.947201130622239 -32.46728609576331 -29.38007931526429
6.873537201249656 -32.46332007550809 -29.189237773284827
7.74002424574694 -32.457818285953856 -29.011673622657792
8.578077750601949 -32.451715887930725 -28.843785798762834
9.412325043277377 -32.44574336201965 -28.677586961815514
10.276987046704885 -32.44145606619765 -28.50607390772994
11.174709833363602 -32.43926225016661 -28.327742514411714
12.118844218976259 -32.440183666044426 -28.141772557470674
13.096016878931389 -32.44457692955994 -27.95333557620259
14.091177525046128 -32.45183582798599 -27.7623075913368
15.089890945492098 -32.460393297955534 -27.573374688443334
16.07231638697501 -32.4708355379566 -27.38553980096679
17.022997790583055 -32.47975567367894 -27.207284646016564
17.929905783868513 -32.487388271675606 -27.037476872697397
18.79927657596544 -32.494848601497736 -26.874678086268283
19.65571724122486 -32.50234555679943 -26.71442191185726
20.52935978231825 -32.509759160307986 -26.553080470084506
21.43437608248858 -32.517406010788086 -26.38758603034155
22.358875051234865 -32.52499221592775 -26.221936247154336
23.293691102592536 -32.53171969402077 -26.059064083625223
24.235185393005157 -32.535368347073536 -25.897792952203847
25.176783518954572 -32.54096066792005 -25.73509957308592
26.107828807747737 -32.550113509848444 -25.57729242384075
27.019206245869068 -32.5584006277932 -25.42560154572254
27.91592583078895 -32.5649839151867 -25.278919992078468
28.814597162818544 -32.571774987604975 -25.132647992527136
29.717470059878934 -32.57882800368287 -24.990647099136375
30.635941030591518 -32.58974904704192 -24.847929516456496
31.56725344845392 -32.605583043378545 -24.70699842848931
32.48273788868379 -32.62297105567807 -24.57006675827639
33.384127167320756 -32.63940988907672 -24.438572435212457
34.27973612501271 -32.65542418030625 -24.313066191451593
35.20493697505136 -32.67361496837598 -24.185111069616568
36.1503223950997 -32.69494390565169 -24.056400055179026
37.098571339889666 -32.7167733946824 -23.928568818622892
38.027922958103204 -32.73691154672119 -23.801412914948717
38.94729300393358 -32.75543429615 -23.674851056747663
39.85579884737032 -32.77440703408184 -23.548542938565934
40.77027934460207 -32.79493318534754 -23.42010895765759
41.68889045228611 -32.817511756063055 -23.288779826207772
42.623536189102964 -32.842331540981014 -23.155386554131518
43.567264761632046 -32.86877679833571 -23.016080705741192
44.48797628633241 -32.89477772847431 -22.874450602051617
45.39322737041449 -32.92008969794893 -22.72759805313605
46.27813852693781 -32.94238325431276 -22.580934606903032
47.1846911881381 -32.96259647438251 -22.424886634146397
48.12637956983736 -32.98194325452363 -22.25629325681143
49.06880056172172 -33.000441536310014 -22.080593750757416
49.96481256013621 -33.01827010972569 -21.91184828598241
50.75445979654633 -33.035819676911586 -21.766075760695553
51.46315847089938 -33.05414432016228 -21.645006416560634
52.12059528679091 -33.074108610489176 -21.547373636838604
52.767693541140304 -33.094920769019794 -21.460666104099964
53.414798306374124 -33.11616657190663 -21.381704754732848
54.08642228499641 -33.13748934317416 -21.304897845974217
54.777377052730124 -33.1582460304091 -21.230311648401493
55.49766698014556 -33.17942277715018 -21.161548185027904
56.230069604877144 -33.200275405073754 -21.09739304803285
56.94449088297759 -33.2185026874465 -21.042188648335102
57.61886681722845 -33.2345853799128 -20.996677863690714
58.25463678487436 -33.24957580794484 -20.958524741631685
58.904744658145326 -33.26218788149704 -20.92382962028662
59.60455977477355 -33.27336720262755 -20.88659189191845
60.393546333634475 -33.283876849832446 -20.84450605872998
61.259334721083995 -33.294087060392506 -20.802874593617055
62.182714489218625 -33.30468388553207 -20.762448694675495
63.120522934448886 -33.31626556413333 -20.723119159558735
64.06398779807765 -33.327354035399466 -20.68724630244009
65.02799649563427 -33.338351808147756 -20.65414416587323
66.02234930070358 -33.35005148605092 -20.62174351427717
67.02436550291786 -33.359508799773394 -20.591132599079142
68.02000136768473 -33.36669910219578 -20.558650616878115
69.00033468879674 -33.3705822426714 -20.524167261903564
69.96891149927339 -33.37242219084159 -20.483462525092378
70.93772608416268 -33.37460463774926 -20.434703816079196
71.89399602646883 -33.37827922935586 -20.37906975350075
72.84550710526233 -33.38412930395919 -20.314434252306036
73.77984521230628 -33.39048981918041 -20.244134836196217
74.69409911517353 -33.396177253439326 -20.171687369720743
75.5916188253835 -33.40089290355953 -20.099390479318757
76.4969566066856 -33.408784624469114 -20.019647500023332
77.43151522034161 -33.41913378390547 -19.938470169927143
78.39735381842044 -33.43055372656373 -19.85187228884148
79.38457391876071 -33.44384381257944 -19.76126619049303
80.37693335006864 -33.45669952502777 -19.66965075159073
81.3719839716273 -33.468250354348584 -19.57373674140728
82.37445456350363 -33.47823080081694 -19.474999361220164
83.37992777427799 -33.48601762246167 -19.377153470271228
84.38882524547587 -33.49139496643104 -19.27610771576987
85.3932315855799 -33.494872814281464 -19.170946166435098
86.40707702002192 -33.4966491172411 -19.06212130916694
87.42188833123609 -33.49702854283573 -18.950184810970434
88.43108412100247 -33.49759762895987 -18.834750244147912
89.41569315930876 -33.49822317802627 -18.723547734339547
90.36991380263929 -33.498427965161795 -18.614475504065656
91.3162253488184 -33.49847963378441 -18.5047409921839
92.26721312001968 -33.49961051084883 -18.39465336006837
93.23081867905364 -33.500817820106164 -18.282432010079113
94.1853721251479 -33.50117080684345 -18.17154995242124
95.10911129561971 -33.50171825335407 -18.066451338280768
95.97395239792728 -33.50052418240914 -17.97426979435587
96.80297616906323 -33.49795007776198 -17.887113451330233
97.62500008838951 -33.49379977899847 -17.804803154496604
98.49114546818807 -33.488412831443654 -17.72286282845
99.39846553440861 -33.48185578003069 -17.638315248165355
100.34055234332742 -33.477170827907074 -17.5452832459454
101.28204374114375 -33.47319390383066 -17.45313100454782
102.20602820070363 -33.46756869048404 -17.366657164584808
103.11550216273208 -33.46101143917839 -17.286323914064777
104.02830567546505 -33.455886999795304 -17.208117072247102
104.97326849097263 -33.4507913181387 -17.13028021407949
105.95279204108468 -33.44363958366984 -17.050076134544383
106.94119645829916 -33.43393059821249 -16.9722997984015
107.91228142059869 -33.42173799011359 -16.90023001521804
108.85774195181335 -33.40867250722289 -16.833107400158074
109.79584266309017 -33.396407591518816 -16.770738989206354
110.72590596528615 -33.386296505539576 -16.710218182603803
111.66567239066713 -33.37744834359416 -16.649196424904126
112.60360944543439 -33.3688997022691 -16.588125538298357
113.50336084516387 -33.36037413561542 -16.529704303280532
114.33889810298827 -33.352042476865876 -16.47461785958218
115.11523020800014 -33.342302176234696 -16.42314004318528
115.84785630524723 -33.330871816039355 -16.371859452292465
116.59143512694678 -33.31770410037496 -16.31455029256592
117.3749411095106 -33.30085092976182 -16.261825796591147
118.24658185622516 -33.28407151521056 -16.199417192322112
119.17866340485655 -33.267793491480575 -16.13346193716484
120.1506502137178 -33.25204218397306 -16.065747793677797
121.11951189251437 -33.23545948217788 -15.997654476537527
122.0890477685332 -33.2188320481879 -15.926719820086266
123.05565333209913 -33.19937450928593 -15.852886052449751
124.00336074679926 -33.1763329757891 -15.778122342676486
124.88978576215199 -33.151360665019475 -15.706639841970654
125.73433686694338 -33.12445007317633 -15.63573102908952
126.54448512053814 -33.096286790847785 -15.566751685698595
127.39098204630346 -33.06555353764822 -15.493685081372114
128.26747591624354 -33.03270404761483 -15.41392226488422
129.20027751313643 -32.99622589941637 -15.326082900268045
130.13549501096475 -32.9582726176192 -15.238090127445131
131.05697550450864 -32.92121386700409 -15.148224713923863
131.96059644476662 -32.88352125547932 -15.055572544401151
132.8653121830849 -32.84595777424093 -14.961956926711055
133.78043636624096 -32.807047394505474 -14.865262532931355
134.7040074850309 -32.76781149672019 -14.766905485118873
135.62338034635937 -32.72918032916861 -14.666337070434636
136.52819751462056 -32.690354712900216 -14.56823387368649
137.4070071135703 -32.65442015803598 -14.468995672301858
138.25345060757 -32.62178419424841 -14.372359502777432
139.06308031799418 -32.59203207880324 -14.277553600920628
139.8686665164077 -32.5628605572045 -14.187804244426578
140.71388123343516 -32.535238628331015 -14.09911071906924
141.61198688957603 -32.509145403157916 -14.009841891626332
142.5430196622578 -32.48479520069378 -13.919254799107014
143.4771588275699 -32.46045610641825 -13.830612448203103
144.3935641602996 -32.43659160069805 -13.743571559953422
145.29781175999767 -32.411888951926436 -13.661527361781394
146.194979207314 -32.38686318164797 -13.581745245553677
147.08155851319796 -32.36158654994794 -13.506111190620956
147.97170208771536 -32.33750102698472 -13.429257235831855
148.86815312005444 -32.31350764545701 -13.35370884503811
149.76791992386495 -32.28960686957161 -13.278489323570858
150.67258298534787 -32.2653479067097 -13.205870797657907
151.58591972584117 -32.241110227241606 -13.1366533110078
152.52009021267378 -32.21874899959929 -13.064843195888463
153.4545657332924 -32.19890359126058 -12.99263938729998
154.39960775778678 -32.181871052872836 -12.916419201512332
155.35935686720396 -32.16482722671653 -12.838539053376149
156.33796983947192 -32.148048647201996 -12.758874130350438
157.33403022420478 -32.13299856427848 -12.675450467139498
158.33202631892055 -32.120853758152236 -12.59136494103745
159.32610173311423 -32.11100527121291 -12.507672527240066
160.29601838994247 -32.1029458811269 -12.424968596632601
161.2458716365635 -32.09635765128798 -12.338775162059912
162.16194607191701 -32.08367993908581 -12.255702609556273
163.0580288059713 -32.06708213281229 -12.179749635302937
163.93319690983526 -32.05090124444696 -12.11282359522291
164.8209228399775 -32.03815430272316 -12.052618853567278
165.73733414871074 -32.02871000968859 -11.995600461246704
166.69298236722034 -32.021484313091456 -11.93580203353157
167.66659179356236 -32.01542874107038 -11.877050836204864
168.64480851617822 -32.009466693745026 -11.820453086410172
169.6193902825855 -32.00583741850702 -11.7663979698585
170.56885590544957 -32.003637543656424 -11.719604878460597
171.49694306988616 -32.000960463582906 -11.677421236947342
172.40973641823402 -31.997272099807745 -11.63694302438622
173.31213967379233 -31.99392750417459 -11.598330315688411
174.18534701627385 -31.9907567401257 -11.564084154609239
175.01478692714744 -31.987363864769343 -11.532387206967764
175.79962685282038 -31.983448674649917 -11.506917816016601
176.58129291191764 -31.97879604893935 -11.482392447063592
177.388374716209 -31.973538345674783 -11.458223483070094
178.2405610169895 -31.96835863729416 -11.43153728986773
179.11862965666214 -31.96271045137264 -11.403265953201984
180.00695447276973 -31.956443353079678 -11.375550484253889
180.91999960145318 -31.950655934339686 -11.349088716267158
181.8601749578493 -31.94652275257567 -11.320855893960474
182.83635580444422 -31.944373145132946 -11.290433739925433
183.82594137224055 -31.943464074031535 -11.25869533601466
184.8130487561986 -31.941539417776163 -11.22570517368799
185.7519769252197 -31.93781583694913 -11.193193993304455
186.6222375852359 -31.928474755703345 -11.163440527688255
187.41158645237488 -31.915045659909545 -11.136569033513725
188.1497882360124 -31.899371687677043 -11.106757684769175
188.88100528443974 -31.882412160006083 -11.07479122123245
189.64545125818074 -31.86409706141599 -11.039836793312224
190.4529364987474 -31.847230462317317 -10.99944232209852
191.26736014911918 -31.832483421199445 -10.958083955813498
192.09240742867732 -31.81873043062839 -10.915459734611108
192.94212456973 -31.805628359937774 -10.870997197897031
193.83104924150658 -31.79364643907873 -10.82533057266947
194.74375896192814 -31.7829747980395 -10.778733049674633
195.64879572995213 -31.775109650225172 -10.728933386065467
196.53893636584928 -31.76827697457535 -10.68397735765546
197.41946598002414 -31.763148747823198 -10.640194933381027
198.3088315644415 -31.760061122727482 -10.597677625854114
199.19780866514355 -31.759987071919692 -10.557898765833075
200.03103608547573 -31.76339324136705 -10.523175649295956
200.77602043082774 -31.768312957571933 -10.494678122259211
201.45550347760766 -31.773137971631563 -10.470470404619235
202.09613463193892 -31.776491108866207 -10.447699192243482
202.72569677194258 -31.778882694103995 -10.424975308931607
203.32971850928968 -31.780673057748228 -10.404243351140625
203.90783684483355 -31.78244153405708 -10.38543163563484
204.44952095012485 -31.783809192968516 -10.367344133039994
204.97330129958561 -31.784969881880034 -10.34934506653127
205.54888288233573 -31.786019929084386 -10.329069995475772
