0.0036460674782409666 -0.01093410853433609 0.2652157836151122
0.0054512811194543445 -0.02162772815277978 0.5347238703070253
0.004326039052567117 -0.030945991912296137 0.8057661804589706
-0.003043416718290319 -0.04073083983265235 1.1098147567259218
-0.021870701430787984 -0.05070397551818729 1.4575829452176077
-0.05454316820511263 -0.05954121499700355 1.8486350864449628
-0.09688386775453124 -0.06736660143633517 2.2565440642082697
-0.154811582857308 -0.0728204338433488 2.6889293738217734
-0.2265008573606439 -0.07728353252645001 3.147157135696483
-0.3143649328864693 -0.08218006190292818 3.621783764469941
-0.41135389260998345 -0.08789669483508541 4.075661768862112
-0.5165928446157593 -0.09458800384157642 4.494749529311945
-0.6321336464937228 -0.10179446847024115 4.878559006226961
-0.7685871093419178 -0.10779334536636363 5.262494105504161
-0.9140945622296679 -0.1114825519043009 5.652480479705008
-1.0784003211482196 -0.11200941683132433 6.039720873778526
-1.2667141117981917 -0.11096368841951985 6.4317644326396275
-1.4883717380071049 -0.10838524066414908 6.850477724531474
-1.732639265937046 -0.10388068642838456 7.280565862213095
-1.9934460306773711 -0.09771299697851754 7.721438560457261
-2.267372957878222 -0.08901534989518768 8.15181702745496
-2.582076927014195 -0.0790609705719706 8.57924950853132
-2.949794370529408 -0.06533927489812506 9.002642360625956
-3.3549099690402957 -0.044113194786100166 9.446015594790609
-3.79253096046552 -0.01833603904920378 9.872247475937261
-4.239328925141492 0.010598067495837898 10.269715450343515
-4.682988608102022 0.04166692903399684 10.625339440700346
-5.131399535951774 0.07486517935397535 10.945369199587935
-5.585046579146739 0.10806838374535171 11.227671315659492
-6.031200166247446 0.14265401466024585 11.491490310018946
-6.496947709456073 0.18207905171124616 11.722777731876892
-6.9595951539889525 0.2230417989622754 11.946855118351609
-7.427428105156575 0.26751921016885627 12.146302994677466
-7.907097473126374 0.31584195497594686 12.322721318454429
-8.40578262390013 0.3693568929820202 12.484827275577334
-8.932274662319179 0.4291388556473581 12.626335746720521
-9.478544199617273 0.4916462446630856 12.75302159998592
-10.05635467917698 0.5581322082209169 12.86639625301316
-10.666644272476832 0.6269252669535065 12.948812737272785
-11.287351764764995 0.695317545495533 13.015402502479871
-11.939344740629245 0.7647947956042278 13.062523876692941
-12.623173257423048 0.8352785598192152 13.103592342351376
-13.335066043517688 0.9061364234638041 13.130000913223304
-14.058573625328274 0.9764240759842671 13.141152269120603
-14.81593520656094 1.0496028335995793 13.14222739791816
-15.630463860356445 1.130140709713428 13.136737422917214
-16.510190486659287 1.2161310691626248 13.126226187520258
-17.430215360514676 1.3064821794938204 13.112607738512638
-18.38233168955703 1.4014019695125377 13.099417421273605
-19.344712520307247 1.498919223162398 13.088243102638137
-20.310858341744723 1.5973366587863853 13.079703759726215
-21.268949247812778 1.6945318171158374 13.076460118126755
-22.22483458729789 1.7920265324845193 13.074969686358768
-23.195208037486253 1.8905700752962722 13.074693614311888
-24.17908817499454 1.989545463002336 13.07947242534629
-25.169100582126738 2.0900479012234667 13.084027933249981
-26.15785913542522 2.1932346818359587 13.092148121916754
-27.15145831149495 2.298128237038089 13.100347537129453
-28.148977632597795 2.404780022703673 13.110034336359119
-29.14584433080414 2.509987748250712 13.119833155309083
-30.142815564259273 2.6127007585038675 13.134099008003226
-31.13448190020096 2.7147452181093774 13.14864959490825
-32.12555730987634 2.8167466361479327 13.16343718081384
-33.098594622440885 2.9148342488896115 13.178495495948807
-34.05893340322479 3.0096762502555094 13.192197624033343
-35.02098145342017 3.102762838917807 13.20586153632581
-36.01644710006012 3.198067335396612 13.221144670940486
-37.053673412052255 3.2969973827629553 13.233821459774974
-38.110389632945456 3.4027367694232975 13.244362358306319
-39.1696780931177 3.514929543783597 13.252072522224186
-40.22103029790823 3.6284306462876725 13.259418677935425
-41.266994444322094 3.7446126173154126 13.269085957983354
-42.31709047760753 3.8598864016087373 13.278137261350244
-43.365849396049626 3.9706933460273874 13.286009204713285
-44.41438224404024 4.079872647014791 13.291939781388864
-45.4549285436607 4.187570115183038 13.295627822175556
-46.494009890284595 4.294972251057765 13.299196037081787
-47.53485977645809 4.401163239728594 13.30065983498816
-48.58586630684175 4.504260292917541 13.30266306271541
-49.642777485814555 4.607715828351332 13.303663808259838
-50.70752390040893 4.715766671284103 13.304346141556762
-51.757009643614154 4.8272019193902675 13.304509576907485
-52.76684549805725 4.938525917794145 13.304025303883265
-53.73789797256282 5.046484319955895 13.303725826603092
-54.68703617470462 5.151445272455654 13.304174240647788
-55.62501251237597 5.2541806078486335 13.304680707113093
-56.565744707985615 5.353532310681989 13.300938954017834
-57.513115225598234 5.45019524980357 13.296551212766142
-58.47044037008049 5.544696196235452 13.295335535776891
-59.428490847359996 5.638214187199523 13.296573316985217
-60.36839075602397 5.730060905389628 13.299496691684688
-61.28670971589568 5.81999892456199 13.30131833449009
-62.18794058684863 5.909445863214883 13.30546732438487
-63.088339252316395 5.999000850863449 13.30574306110872
-63.99830843530915 6.090407527219385 13.30842455213047
-64.92030721580004 6.1829914637032 13.309709467006215
-65.85619838276757 6.27661928514468 13.310081878152818
-66.79708259146557 6.3672788917027 13.30887802294293
-67.72428782906994 6.45114396838831 13.307636677432493
-68.63298527602055 6.528692415756467 13.303755138312145
-69.51672299246975 6.601558836064527 13.295033691056746
-70.38671934079223 6.672850567749264 13.283903003788762
-71.25247101854934 6.74514432834104 13.270913572291867
-72.12169982462704 6.820599016594711 13.256398705125427
-73.00027821272668 6.8993695115376035 13.239249003652004
-73.87504040307097 6.9808660597750025 13.221979456298058
-74.72710489633666 7.063340007275092 13.203486950482622
-75.54321515369949 7.144112153794618 13.181079537924425
-76.34861754134333 7.226539861912219 13.155529100372437
-77.166641955814 7.310862583151858 13.129638901197113
-78.00894863632718 7.395752932311499 13.103585349068425
-78.85385277135943 7.48052354870947 13.075473300732455
-79.69720122530366 7.564789869450438 13.051098942023756
-80.53812143332627 7.646994026501153 13.029764484324097
-81.37859492232104 7.729081662011889 13.010991422321597
-82.22092831354014 7.812463781485448 12.995877287706897
-83.0400459283832 7.896494759220521 12.988114718092069
-83.82104369446874 7.977750032410807 12.994812178283949
-84.52592624241808 8.050365173401584 13.021803931461246
-85.1500508810259 8.115764040581334 13.072687391562301
-85.67170059408754 8.171247158858185 13.145771895201692
-86.10489071415806 8.219222670810558 13.236241375125424
-86.48272630926625 8.264788163197514 13.362152084339526
-86.84694843002791 8.310498949878808 13.51616956702732
-87.21472692140716 8.358993413765484 13.686637431948652
-87.59460290852222 8.409172436815691 13.880338341648553
-87.98080408411454 8.46055670030869 14.095338036686393
-88.35352338168592 8.511670278128966 14.32513067004554
-88.72045551438288 8.561560322205569 14.558652798046484
-89.08379909190553 8.611329032973138 14.795110712821916
-89.43734309055219 8.66120538857277 15.046448174964251
-89.76867409197118 8.709310344445718 15.297447639934948
-90.05755166693024 8.756725827931719 15.538603959177928
-90.31111029595483 8.804308838107769 15.809245439952413
-90.5572200007746 8.848382856821114 16.086496752006152
-90.76651943064378 8.888605316932694 16.370039608874404
-90.95894007814806 8.926480054450582 16.645302092004993
-91.08589143300692 8.965067306730214 16.935301033735307
-91.16686750251405 9.003923560039281 17.270340283139102
-91.24692366062055 9.041202755414211 17.665576511351475
-91.33317407217766 9.079328727859037 18.108159371296146
-91.38366017627254 9.114892646961374 18.571876216974136
-91.41483647093743 9.149390573856717 19.035672375144895
-91.43995982549534 9.184364405033188 19.49196021321394
-91.44063674076658 9.216986112845706 19.988584337939994
-91.43569706576535 9.246631448291437 20.50614510140806
-91.41170689278309 9.276374575713502 21.039872994658154
-91.37906547680028 9.307373168286334 21.577373130184775
-91.33647052833567 9.340955238419722 22.128952101949743
-91.28650679463149 9.377070795832845 22.706874710418678
-91.22872461120627 9.415636132012438 23.30842088799043
-91.15615533224971 9.456205596092156 23.93741390882333
-91.07464838909972 9.497841301775686 24.591827292795905
-90.97953230952285 9.54084754933458 25.28499028501455
-90.87181235746279 9.58453917493956 26.008638683189208
-90.75295928750732 9.628840333769894 26.761140097530898
-90.62784469018467 9.670653354585301 27.51222121198446
-90.49405821302233 9.710851146557996 28.25569618461622
-90.3550532396634 9.750794774276208 29.015946811786584
-90.21057261832766 9.791323466938087 29.81646693038807
-90.05630948459472 9.835200650044095 30.647913681146143
-89.89494209456579 9.883257263782184 31.473195423531127
-89.72875071595158 9.933925399476061 32.283322549710604
-89.55668958760072 9.986340166862378 33.09566250427497
-89.37636535602773 10.040229017075028 33.93416506939201
-89.18216256566949 10.096149496350415 34.825289396480755
-88.98116400599093 10.15618006932362 35.753101864275
-88.78451215305697 10.218189688958102 36.67216364686484
-88.6042762970799 10.276080102908832 37.52987068634253
-88.43642177101407 10.325680705453683 38.309118945777314
-88.27056404201143 10.370043469893742 39.06049735066301
-88.09583761110383 10.41474671581555 39.83935383111208
-87.90828643325206 10.462006371523756 40.67146525050313
-87.71549882237433 10.510704342272682 41.51611621594544
-87.52459966293296 10.559865266578456 42.33808132550192
-87.33346861839792 10.610215580861482 43.14385490267435
-87.14109983081529 10.660610272032857 43.95920865495138
-86.94401855412777 10.7125167615269 44.80094575407739
-86.7411275540891 10.766027480097263 45.65940853803591
-86.53722846625132 10.821235001356376 46.53392023778868
-86.3411319725848 10.87521434757445 47.396173625639946
-86.14846172936338 10.92952019276141 48.253931740372195
-85.95714766768207 10.986014005615084 49.12357251341501
-85.75895613555105 11.044711601620866 50.033722704695755
-85.56033751591981 11.10454571521119 50.96757721138482
-85.36545634409562 11.162105012855298 51.90289792552161
-85.17438762000876 11.216684001924973 52.81807102166228
-84.98678575180533 11.266451608857668 53.71462301781861
-84.79736096052211 11.311372406289692 54.611267969409084
-84.60586589533905 11.354255110049225 55.52029957197385
-84.41095757647102 11.398417390463813 56.44880760768521
-84.21458019717508 11.44603371725091 57.391681235717364
-84.02114614557526 11.4960697349091 58.33575672582513
-83.83204947021454 11.549073246018564 59.26965271684258
-83.63820769148701 11.606482417698187 60.210276628483804
-83.43526366472977 11.668616617853381 61.18397040347547
-83.22482192547446 11.729354698603558 62.17318323872938
-83.007101260275 11.788476138232785 63.161605188296306
-82.79273705947539 11.844319198232435 64.11467587285358
-82.58419094917856 11.898519933235711 65.04647550218058
-82.3783755980639 11.951561768656314 65.95992481777529
-82.17230358240498 12.00320104400901 66.86777062144722
-81.96279672868056 12.056504347143779 67.7991588325533
-81.7464144967072 12.11206955021521 68.76161454983374
-81.52535092377941 12.166211702131612 69.74674240079935
-81.30760042583256 12.212965923518823 70.72063016730544
-81.10134353530485 12.253585231922402 71.65574050246376
-80.89693588485274 12.293004644042508 72.54973270634828
-80.6920423759506 12.331318000904412 73.43157340461009
-80.48602697488897 12.373374773887326 74.33407691903513
-80.27630439654429 12.419834888472009 75.24662864720126
-80.06352847768729 12.472211117673066 76.1540035239637
-79.84901282931209 12.527728243477783 77.07515125213665
-79.63217578825399 12.581826097495213 78.01036220559828
-79.42304682218202 12.631553663811545 78.93890457882912
-79.2240606085823 12.677900324613173 79.8447302136423
-79.03079100340697 12.719776843806823 80.73539193190527
-78.8418323322234 12.759263211999611 81.62092745846138
-78.66225361442673 12.798514664472581 82.50779048265996
-78.48490344096476 12.839160759922029 83.39872776120386
-78.3145418396568 12.88046577996827 84.28784138224863
-78.14659701538243 12.922778565303508 85.16707402745634
-77.98206964265732 12.967358216042342 86.03487516642261
-77.82422881487716 13.015587640437865 86.90080427882256
-77.67017546384479 13.066965612656759 87.77442845460486
-77.51655851633828 13.122775561136224 88.66560167045182
-77.36582472600536 13.182123896812403 89.57375273632627
-77.21975597752463 13.240903254543666 90.47938367892702
-77.07974409084535 13.297312580378374 91.36655561717319
-76.94406576525316 13.352553235235186 92.25045465917124
-76.81046383901881 13.40820085026458 93.14948395798352
-76.67893912563841 13.468566835894356 94.06842298486396
-76.55308300408741 13.533089295985087 94.97608975053674
-76.43871218977483 13.596077759931493 95.84854312016475
-76.34041339959104 13.656581829049694 96.67439171787916
-76.25446992249677 13.717235583666621 97.47704415196597
-76.1753259431914 13.780548446653842 98.28859210255301
-76.09943737663538 13.84860431399666 99.14511289331502
-76.02654203348986 13.92321558263723 100.02860789214053
-75.95846834645067 14.0012376477927 100.91199425659212
-75.89938198433546 14.077073968789392 101.75219837838911
-75.85903064914636 14.146740119744035 102.52931247545025
-75.83427990276411 14.210457443975379 103.27109041718158
-75.82287574168114 14.269472056652823 104.01275055746615
-75.81697028722833 14.33120640946735 104.78586650630317
-75.81695785677672 14.399496617595245 105.57930635225426
-75.82177284391912 14.470522684830001 106.36993466610056
-75.83852167051722 14.540269457006064 107.16154084397422
-75.86514812463477 14.60547892426127 107.9477441140142
-75.9014071381336 14.666821637456762 108.7161718770272
-75.9475233908844 14.725278617491588 109.46579034407782
-76.00263366292089 14.784640810759601 110.2313829140647
-76.06422482293716 14.849901580568668 111.04111345347295
-76.13421399711412 14.922385594612349 111.89186463731029
-76.20843244428305 15.00185322418641 112.77407041024559
-76.29456922363319 15.08644298056121 113.68144551523727
-76.3922065630948 15.175660736983753 114.62477958746607
-76.50126734665615 15.262985938820277 115.6135978484054
-76.60886708918056 15.344535763550276 116.5908734583817
-76.71665059948366 15.420579159208067 117.53741026561555
-76.82657761362809 15.494122091395612 118.43489702824186
-76.94108655014908 15.569793418463226 119.32532032361229
-77.05770579000342 15.64592869429801 120.2100666761496
-77.17596545459398 15.71795216306359 121.07013360391258
-77.29672946137963 15.785136837529452 121.91695709948121
-77.4232876509383 15.84847115433611 122.7557969772673
-77.55458564951729 15.906802058061674 123.56451554051678
-77.68375559303715 15.962035959998287 124.33960845890697
-77.81262052504172 16.017899815015692 125.09366388716097
-77.94858144629039 16.079775500051756 125.88510109157907
-78.09565402059489 16.149790332442667 126.72210206289155
-78.25016765834884 16.22492479150866 127.59240090621402
-78.40545865567466 16.300268078919032 128.46623946926846
-78.561060142292 16.375891224016904 129.36702075172218
-78.7188316706181 16.45145237352357 130.28208467148858
-78.87730116914099 16.52216829602866 131.20188997493054
-79.03560247658547 16.58678393311094 132.10104175611383
-79.18882797717399 16.647106835142818 132.9649588207651
-79.33755672287494 16.70712830496459 133.7924228601158
-79.4785734227104 16.766934920337007 134.57062714716253
-79.61030498428494 16.826094482115476 135.2966197152889
-79.73339523056674 16.88399928566008 135.96111467672472
-79.85307976550476 16.93995723141279 136.5806930909567
-79.96995345908142 16.994656857806344 137.19410731194574
-80.08899732536247 17.04944964204455 137.8289684403158
-80.21809166686987 17.10838420484229 138.52359184018377
-80.36213075816578 17.17267337902114 139.2763489998271
-80.51425558295878 17.240927143736176 140.0520593113193
-80.66592107911197 17.311468454437968 140.8176783663143
-80.81366870141966 17.37972692765372 141.54689627369518
-80.95838314555262 17.44398071348012 142.24946752848484
-81.09567218703792 17.5011025294915 142.9134222235506
-81.21947193760366 17.551050916811118 143.5333763562252
-81.32727441442391 17.596535482813763 144.10502295732144
-81.4291420398917 17.64010067178116 144.6629808721427
-81.53491319515017 17.680891391909068 145.19939601380023
-81.64256740834455 17.721200715140213 145.719893640689
-81.74179058483084 17.758608951294917 146.19166090259637
-81.83053480056313 17.791999624357857 146.61698839599637
-81.90398595365268 17.820344539978365 146.98317154365046
-81.96813452587715 17.847456459124945 147.3218668066909
-82.03744037221995 17.874456800303655 147.646340470005
-82.11131435056663 17.902076307985503 147.96344574852904
-82.18769882720095 17.92977578818224 148.2743747226562
-82.27285788350247 17.958859919201906 148.59076803414482
-82.35819878986405 17.98939290759512 148.9096503054893
-82.45475927726591 18.0235688605488 149.23834053161914
-82.55567247682366 18.05844172191429 149.56556221675922
-82.66284495101722 18.0915823265429 149.87591383305622
-82.77793055729015 18.123939374430428 150.15926975252896
-82.89255695682004 18.155405860362986 150.41806758508528
-82.9954162655358 18.187091654396607 150.68462161799482
-83.10220195676673 18.21934353018826 150.95642219148502
-83.2128400549874 18.251741299545262 151.23960853718356
-83.32487447620392 18.284525252729082 151.53048192451902
-83.43307813281329 18.31762267218949 151.83010617715834
-83.55111637806003 18.354460966811295 152.14571063839276
-83.68914963846251 18.39787235454287 152.47857714232714
-83.84139737573975 18.447393241347104 152.8396173676159
-84.00145885126834 18.50052357867969 153.20881336954096
-84.16441717819494 18.554428754837772 153.56765463026446
-84.34248378219601 18.6118326893033 153.92627166126766
-84.52801419229841 18.673082474366865 154.29365852526476
-84.73392575634325 18.738536268958693 154.66752613608543
-84.96053452999946 18.806580172998142 155.04493176117208
-85.197927726951 18.878194174416578 155.4135201005489
-85.44166118159367 18.953663668259676 155.7708313393558
-85.7175440588004 19.03822494326118 156.10835191864578
-86.00541108931422 19.124501092000923 156.43112267592267
-86.32079710653373 19.209715129507813 156.73146418258818
-86.65093031763675 19.292694739688404 157.0183772599017
-87.00198372206636 19.377770139113064 157.2968105569266
-87.37780672731836 19.468940922375975 157.57555481816104
-87.81032873226151 19.569741620267024 157.85202491737618
-88.2762170480428 19.679151274891886 158.13642694229247
-88.77987715931528 19.80041845810899 158.4237270355651
-89.327025534206 19.9340528402999 158.7056280527231
-89.88569321625955 20.07420270376407 158.97179042860827
-90.45253206336238 20.214353775333677 159.20107468552018
-91.00905119464147 20.351044732520474 159.40526508763963
-91.57112029733045 20.487688838583964 159.5860278739925
-92.13950184811138 20.624233690834796 159.74558343524617
-92.75369973540185 20.771651694599466 159.8988365327749
-93.39327379158013 20.926207070729568 160.0405163459842
-94.10037601210146 21.098144276687137 160.1919253550166
-94.83361752165384 21.27652186825635 160.34118827958622
-95.65231975570244 21.47569810972441 160.50720643224278
-96.5444402291565 21.691630904247546 160.6822670789092
-97.51679316481304 21.926544140266227 160.8627163658463
-98.53438590397217 22.17121094418915 161.04302151369004
-99.5554184841675 22.415970249756672 161.21796639461357
-100.57242091701318 22.658818100628988 161.38686984363736
-101.58665639569487 22.902350741183483 161.55550150320684
-102.59433699202292 23.145912282915937 161.7208241737401
-103.57637496470932 23.384128335314173 161.8772389026028
-104.53108746059934 23.616405490044258 162.0262878578006
-105.49780011441085 23.852782899104927 162.17673073558336
-106.51076750445337 24.101115828067023 162.33459519305097
-107.54808230677534 24.355376387850757 162.4936157489573
-108.58773597911014 24.611427239830665 162.65043264149028
-109.61272815298985 24.865764138971013 162.80362729748555
-110.64152024870612 25.12429857485695 162.95636459414246
-111.6859191800734 25.387745628653867 163.11492649180747
-112.740115222467 25.651216429475536 163.27684294419436
-113.79366601648888 25.91378937916647 163.4411582433365
-114.8289332957554 26.17256155860371 163.60114382587443
-115.83812397357671 26.423502152489103 163.75354797134068
-116.83142688317034 26.66922154497291 163.90323795160052
-117.84719737190149 26.91544142088514 164.05409462967484
-118.87508645431939 27.160112710213152 164.20520117507945
-119.92246779953545 27.40790788860717 164.3598202491868
-120.97577971553865 27.659364029574267 164.51752883531296
-122.0669379778051 27.9234615617118 164.6858380064333
-123.17220897656082 28.192348279793084 164.85943134902513
-124.27228865571247 28.4600677313596 165.03428345876668
-125.35409079705747 28.72319589124982 165.20858460767462
-126.435398924051 28.987742031836863 165.38378863053433
-127.52020836895714 29.257217640177767 165.56265612043276
-128.57846054483065 29.523702422303998 165.73957184546484
-129.57159231408173 29.77538046336261 165.90782206130112
-130.50563294028368 30.011390167944644 166.0670688019704
-131.41250128654366 30.24016715930457 166.2238295723562
-132.3467353793304 30.47391477458315 166.3844719171742
-133.3096593350267 30.71419308993057 166.55099388489066
-134.3282408555551 30.967715248088844 166.72481020199706
-135.38731438623742 31.23193874916185 166.90560187248505
-136.50080885029593 31.508317024203187 167.0981516860424
-137.63567341777198 31.78869204182622 167.29428328177522
-138.7617227090886 32.065877732928094 167.48733272942877
-139.85355086984356 32.33550654574631 167.67543511775676
-140.91936582412782 32.597893925029815 167.8579677737217
-141.99390979442003 32.860547924985084 168.04279060886566
-143.0770759567169 33.12688275887003 168.23389280122151
-144.17724297632 33.39914999341929 168.42763563211636
-145.28636474088958 33.67632431421413 168.62006453445605
-146.41958928046083 33.9667770930094 168.81697475492183
-147.55015940339604 34.25959611459471 169.0118497005216
-148.67605540388615 34.55114215620333 169.20786552415757
-149.77885213007505 34.832455383928625 169.40495444640288
-150.89036106473245 35.112915777736816 169.605629838145
-152.00224514346115 35.39209817795817 169.80245636963335
-153.11968629710495 35.67586668150606 170.00130082521977
-154.21562770316874 35.95505750054071 170.1964636519462
-155.31431022177733 36.23335140383971 170.39194388973706
-156.42298312372236 36.511076978596265 170.58987503053834
-157.5478264055433 36.791883122847814 170.79237796208525
-158.6767785147345 37.07663572572438 170.9973083930043
-159.79335875780674 37.358918465343464 171.19655488759457
-160.90659718776223 37.63856777172963 171.3924248740257
-162.0315905893498 37.91727868502811 171.5871634902006
-163.17327485681037 38.19677282210295 171.7832339995486
-164.3201335846782 38.47625180752337 171.98026666440552
-165.45406715328036 38.75264961996812 172.17379918438684
-166.57922182186022 39.02673594361328 172.36453203736468
-167.7104541076911 39.302810340631595 172.55573740641327
-168.8408333293284 39.58002487855484 172.74709250832046
-169.9724737299425 39.85841317944756 172.93544276974166
-171.1031288306435 40.136080554574754 173.1207614467258
-172.2432561997848 40.41477842850367 173.31236929354347
-173.37549736300832 40.691111411933754 173.5068273229644
-174.48452085387416 40.96228958165145 173.69792592569556
-175.54618787287262 41.22297114561588 173.88067812000426
-176.56599091810068 41.471503451916504 174.05863839640645
-177.53798603651842 41.70160037267107 174.2291150233329
-178.46989061726572 41.91665281521936 174.39448716434123
-179.36780540840886 42.12277068774956 174.5581165033685
-180.24330120701532 42.32529973322939 174.71747025343637
-181.10773016292927 42.528106454892054 174.8754000653219
-181.96909491775762 42.733877174266674 175.03265602958797
-182.87598213389563 42.951672202742905 175.19722880710398
-183.8459194643203 43.1831862734641 175.37222686647024
-184.85224178311313 43.42140507541916 175.55358445918364
-185.84045162889458 43.65691663791003 175.73042928522622
-186.8032776988575 43.88892569826043 175.90295917012642
-187.74489733320576 44.119973968648246 176.07762179740192
-188.65031201676726 44.34406162731048 176.25103467139826
-189.4997557685712 44.55778557046699 176.42175164523894
-190.34258830469054 44.77264313189836 176.59375045166632
-191.2015826230147 44.99352578214944 176.76933954012603
-192.0746628019955 45.218613958696764 176.94622586617416
-192.93775667816954 45.43945209675935 177.120931599437
-193.77644817313865 45.652618609454585 177.2920023284809
-194.59787367610465 45.857878504959814 177.45425745686737
-195.4270613197091 46.06270869129938 177.61277814854594
-196.28691329259598 46.2712654920059 177.76825167460498
-197.17522328258377 46.48195260191615 177.91290890845386
-198.04104317399035 46.683454919298654 178.03756711556662
-198.8427343909102 46.86677903094806 178.13328344800036
-199.55822532277188 47.028572633975934 178.19929946209876
-200.21362608945495 47.17641770249163 178.24089794233427
-200.84095403932056 47.31464735381866 178.25541424822947
-201.46214401804943 47.449398906476375 178.2467695555786
-202.07837400639755 47.58070324818974 178.207207162357
-202.66606526350424 47.70494405818196 178.1513234535547
-203.22755761683715 47.81821319701926 178.06104438175464
-203.77511407674905 47.92635354447717 177.95015727330298
-204.32100414295834 48.0292590338547 177.80984592651626
-204.86666382328102 48.128095322321684 177.63788307111864
-205.39951823997163 48.22086534430972 177.4527138028419
-205.90093968881524 48.30034493900518 177.23820168378003
-206.37354803166247 48.37030068957137 177.01174762273712
-206.82422225871133 48.435299163262236 176.7766470792191
-207.2576989386017 48.48915611779843 176.49465179373388
-207.68100220313195 48.53686715553652 176.19159482765212
-208.1033476351046 48.57927650627478 175.85808067170274
-208.52040657168519 48.618192566318434 175.49562796076393
-208.93114828582168 48.652136432188016 175.10260780497788
-209.3456760950388 48.68482270102356 174.69223533312686
-209.74717076376066 48.71117839184286 174.25539270033246
-210.13349055206749 48.731967477055036 173.80604513731177
-210.4744001157348 48.73671142144756 173.32681768215076
-210.79848820282174 48.73324965007696 172.8458618743423
-211.10544336751505 48.72136775148365 172.3531779129324
-211.38745831670013 48.695779214299726 171.81243062786842
-211.68642528956698 48.667390593946536 171.25449774225862
-211.9464368801545 48.62720571466334 170.67578782518197
-212.17057111464902 48.58125921564699 170.10432353102715
-212.3606563574313 48.532965406797835 169.55979797188783
-212.54596428701913 48.48280606852524 168.99620997223272
-212.73009055977911 48.42717172300619 168.38894127602995
-212.913872304859 48.363411539418216 167.72695782926812
-213.10351479666664 48.29231282908783 167.01267328947313
-213.295476755075 48.216253922602135 166.2657437851147
-213.48234826216196 48.137688516500596 165.506927708234
-213.65940336042573 48.05906990615726 164.76026317354908
-213.82937779549127 47.97814111387167 164.0163584907943
-214.00146981630016 47.89234153635117 163.2539556799875
-214.17646127434347 47.800931042110435 162.47112255086384
-214.35781922133188 47.705100659968124 161.6719752688664
-214.53803605374068 47.60372959419734 160.8604026768711
-214.7115328898934 47.50179937522943 160.06366490697297
-214.88052553710887 47.40057486938805 159.2867138945593
-215.04985345486557 47.3023793722762 158.53000400953377
-215.22270295833076 47.20585744055817 157.77762722776632
-215.39528049039805 47.10712012112977 157.01413672617025
-215.56105482518112 47.00849060178725 156.26231808987032
-215.73057184132713 46.909540790935324 155.51076861431062
-215.90031033778888 46.80931850052745 154.7672694837633
-216.0740417669682 46.70456212289206 154.01445391476864
-216.251012536189 46.595030304960986 153.24043138966599
-216.4335157365879 46.480850788447746 152.42726952109666
-216.62122776494695 46.365053548743234 151.58494133682623
-216.81238845306794 46.25116905905765 150.72839451627135
-217.00651465332862 46.13966652312573 149.86499951839605
-217.20411150954067 46.02883364375726 148.99394652042778
-217.40054881907162 45.91915346464897 148.1211347150637
-217.59614819275515 45.81074313830563 147.24622420736915
-217.7956533686411 45.70310709700278 146.36412024909188
-217.9971706716735 45.597682439913015 145.48862432562822
-218.1943091377482 45.4938101333181 144.63178371746272
-218.3855652472326 45.39480038037524 143.8012128756282
-218.57123495896363 45.29957571231037 142.9854910942409
-218.75764429300838 45.20838913413171 142.18654523843145
-218.9395253210061 45.12207597460312 141.42760947682848
-219.11302391241108 45.037177538135765 140.70850784770585
-219.28991892310205 44.94824861541893 139.98213916933597
-219.4850181643066 44.849932647249695 139.19479928706423
-219.7015823284243 44.74176062412716 138.32313085297704
-219.9339660059756 44.63045844134764 137.39642076297264
-220.17184667755586 44.52259448419768 136.45919264876656
-220.40991869345694 44.42031982044214 135.53687835059026
-220.6487212781179 44.31957862432852 134.61122222517986
-220.89631435607666 44.22044918560669 133.65729151813954
-221.1389785238162 44.12410749775136 132.71130234044585
-221.37480482019257 44.02863251337989 131.77807657138175
-221.60414543370038 43.93479313293977 130.8779026097878
-221.8365295217897 43.841014057697954 129.99480399434353
-222.06172911011168 43.7461552823842 129.14729633289096
-222.28018039251234 43.64969283921877 128.33103048757025
-222.4889608458444 43.557209536608156 127.55912817634461
-222.69307922715328 43.46897120866825 126.80890238091658
-222.9023896264003 43.382360427594556 126.05500021811943
-223.122384277143 43.29588146917121 125.28246180749731
-223.3549808369426 43.21003173004292 124.49833229346729
-223.59469857680043 43.127478355003944 123.72320919696426
-223.85050479316533 43.04572496466681 122.93533361007701
-224.12326314184472 42.96538497522365 122.1371706378802
-224.41392484105234 42.88786859445776 121.33614096215122
-224.7251608771627 42.81749829306054 120.54651374645323
-225.04746960200558 42.75637904105611 119.78693489301861
-225.39873284593006 42.707739123916014 119.04649164105761
-225.77533088328858 42.66707182988242 118.30745147668857
-226.2149534948489 42.628899609769945 117.51874859982146
-226.6924984998036 42.583209952928264 116.69302987298818
-227.21356896765766 42.536008607401996 115.86950642241119
-227.73414613218605 42.49105579219668 115.0894276279558
-228.26145981113464 42.44866627944041 114.33878717664669
-228.81513677810295 42.41113822164974 113.60400827924104
-229.4106373171175 42.37825809585267 112.86570050216922
-230.02483632302867 42.3490020634208 112.13881224431458
-230.64682563780812 42.322520986484676 111.43188715342468
-231.28948685722668 42.300291472736 110.73597047060181
-231.95331841714525 42.285026261087665 110.04561180750059
-232.60701230174993 42.27451540766141 109.39143308777528
-233.2254567588615 42.26528496740858 108.77654422928549
-233.81859099084102 42.26019599750068 108.20310396563734
-234.40334986127743 42.25677256611493 107.64512148072808
-235.02815795875412 42.25680991719491 107.06431631611629
-235.70898115451467 42.25919436008596 106.44412037464454
-236.41739610952476 42.26440202007668 105.79910549994109
-237.1119780060739 42.274318448249566 105.16888862887157
-237.7805695958369 42.285208591098055 104.56323863756876
-238.44048110529164 42.2945930265423 103.96100148590384
-239.10693074723764 42.302436210286636 103.35651107281595
-239.77922033784068 42.30751712892992 102.74411882413631
-240.4655408039216 42.31298258726884 102.11782296328984
-241.16684266379124 42.31977523462746 101.47774724248782
-241.87210351466663 42.325917895542126 100.82901118614221
-242.57194034218887 42.332042597762886 100.18530287591179
-243.27191985198147 42.33914895708264 99.54378146174612
-243.99353066645978 42.345816163624065 98.8803174996432
-244.77541188784093 42.352860792689306 98.16145399761197
-245.6217087614108 42.36111893625289 97.3819223567714
-246.49590535341173 42.37007185644024 96.57637998641401
-247.3538056760972 42.3797128264766 95.7861485791364
-248.17752780959245 42.38864567367623 95.02682880342701
-248.98471603404874 42.39808283079642 94.28647050189451
-249.79168793053387 42.4083888843396 93.5526763588332
-250.59178992013037 42.41879485742315 92.82893399637146
-251.39359018420325 42.42726582291226 92.10804125374798
-252.19707551494886 42.43453205999556 91.38670538475384
-253.01610668535184 42.44171112591189 90.65276350376875
-253.83944539873 42.45000717023003 89.9147223255807
-254.67649336015592 42.45985236352157 89.16595944217636
-255.51836895299732 42.472282117687655 88.41689042828854
-256.3593057831676 42.48618193080481 87.67513405845779
-257.1899144845776 42.49954738160799 86.94638581704295
-258.0123647754119 42.511005338584454 86.2240252640803
-258.8316128056539 42.52424599251368 85.50472618954936
-259.642644494345 42.539232739282525 84.79560874346616
-260.4386838722391 42.55715746701559 84.10543256356243
-261.2165709516147 42.57588473995672 83.43938065729931
-261.9756897133589 42.59389560330806 82.79281409305308
-262.7331078472321 42.611433858049374 82.14723525081676
-263.510146670913 42.63040603456134 81.48338132499732
-264.3014016109547 42.650051242832625 80.81126074387974
-265.0917651401414 42.6714947091578 80.14268367676098
-265.86136532284604 42.69108164321205 79.49435589744435
-266.64040747926714 42.70924313240508 78.84279345610571
-267.41960949710096 42.726651347006545 78.19099382039408
-268.20465577987574 42.747287930575794 77.5331493104294
-269.00383113475016 42.76887220312945 76.85884870892193
-269.8272593893923 42.79152790461572 76.16178216332607
-270.69469371186983 42.81621034966451 75.42572442912548
-271.5684196967286 42.84001387151702 74.6824048358905
-272.43728391152945 42.86232557740337 73.94443261543712
-273.2702303673185 42.88271802106769 73.23883007952229
-274.0692287399909 42.90006168425731 72.56304215033533
-274.8320760079367 42.91288593503975 71.91521258729904
-275.58007651390966 42.92215364459662 71.27536121848732
-276.3392307920167 42.93065041337907 70.62224071367318
-277.12630744968186 42.93885559788095 69.94154520294835
-277.94196953599834 42.94885903034927 69.23398756267983
-278.7574059949554 42.96156926628867 68.52909883176301
-279.530477721578 42.97499423412489 67.86017101553787
-280.25795270752315 42.98843366605051 67.23107336331012
-280.9539654830658 43.004091941625525 66.63478795757608
-281.65150572851087 43.02093148344493 66.03967279242772
-282.3635285273309 43.04028165525114 65.44158421390891
-283.0909072238185 43.06064758694087 64.83580352526788
-283.83144271422475 43.082936524318264 64.22540216191868
-284.5660309221302 43.105690474310165 63.62696041851456
-285.2772824266607 43.128576247825656 63.055049007487945
-285.94079848482636 43.15096228990222 62.526463310486406
-286.56655466557396 43.17318198307327 62.031328655054075
-287.19091174745625 43.19875231649859 61.53917473032437
-287.8487997347558 43.23007492887219 61.02342165558069
-288.52969532686416 43.263658421684504 60.48922619048981
-289.22061901013905 43.299594561127556 59.949819382751976
-289.9229559884253 43.33951923412496 59.40793424486513
-290.6462662549138 43.38081872674165 58.850426830230475
-291.38298482877224 43.42368107669243 58.28264751829666
-292.14658640121763 43.471370338303906 57.69589753049505
-292.9718575204522 43.523902105363 57.06374370708106
-293.8535055734307 43.57806166775033 56.38578562162089
-294.78522802391126 43.636019486040226 55.67041760722303
-295.71702108300985 43.69532394580754 54.951663014873525
-296.6559264790781 43.75613501701117 54.228577580547515
-297.53039514466343 43.81674511469151 53.55829902814433
-298.2943966530433 43.87316490333805 52.978900958056634
-298.91809367549274 43.91846498254088 52.503461980957816
-299.43563326043324 43.954051447431745 52.10502046543358
-299.87895704957117 43.98300844877385 51.763173626847276
-300.25447067729226 44.005933787893454 51.471260513129295
-300.5834374810162 44.026438264184165 51.21389799408937
-300.8924517340604 44.04570698268056 50.96883035656536
-301.19633522486714 44.064353224992686 50.72387096488706
-301.4977536977005 44.0825103077267 50.47729409614712
-301.7955395690297 44.10019207883475 50.233247382323846
-302.0966345313948 44.117460364080785 49.98645171447113
-302.4130702400148 44.13330472572727 49.72462786659252
-302.7574744632318 44.148281798879275 49.434202621128186
-303.1225375021157 44.16041000020343 49.11405592261177
-303.48768552639683 44.17085466343057 48.786849076681534
-303.8365683333009 44.18120712084234 48.470211594942214
-304.161845683959 44.19051251578071 48.1688102728261
-304.45673540167326 44.19856522253065 47.892529827183765
-304.7196272129861 44.20547432021479 47.6465786058848
-304.9429226230733 44.210517508499684 47.43579959921429
-305.1274136474773 44.21428225163434 47.26059124130928
-305.2680483409222 44.21627064175222 47.12624183914151
-305.3766050559225 44.21606055650755 47.020834317399284
-305.4801577505018 44.214420383363176 46.91953252388599
-305.60580014122394 44.21301881644297 46.79839076801757
-305.7710504478385 44.21409958959587 46.64110639831838
-305.9839395658037 44.21876016292328 46.4382050261654
-306.23798866745284 44.22541278294976 46.195376347574246
-306.51942016048565 44.233043794674096 45.92680818733197
-306.8136404533605 44.241954382004096 45.64666332104428
-307.1111701406231 44.250847271504355 45.362697483134006
-307.4189226391554 44.25895436300085 45.068375493440705
-307.73138293880334 44.26683767182319 44.76915587294249
-308.04856343229676 44.27573273690987 44.46337786567868
-308.3540038643929 44.28463311898954 44.16902210491993
-308.6278290316805 44.2915210404733 43.90463703895959
-308.8651392788297 44.29647037409115 43.67463654040804
-309.06620175202283 44.29953008247465 43.47979835110552
-309.2358229330936 44.30097955001236 43.315137859030294
-309.36641934438165 44.30019988327104 43.18813791307365
-309.4587364609686 44.2976342598679 43.098543723966905
-309.5245889133352 44.29410469864482 43.03519540940793
-309.57685396152044 44.28995160843054 42.98514650872001
-309.62316552988574 44.28555393070732 42.94110139933271
-309.66637047707206 44.28090503466739 42.89964738192128
-309.7084072000043 44.27614439721937 42.859018800873585
-309.75116903699586 44.27146822506493 42.817457547112234
-309.7989257678115 44.266972724077505 42.770708620988245
-309.8594802030352 44.263184451246694 42.71141357382559
-309.93981333506173 44.260337726724046 42.632954331898056
-310.0481725152358 44.25814296771513 42.52659403302556
-310.20981426270896 44.25723586648207 42.367974984781476
-310.4407282010139 44.258454576308615 42.14239154235321
-310.74917542260545 44.2616661347017 41.83928697014735
-311.10873674113975 44.26677591120458 41.485212922287346
-311.48299583742255 44.273311746685124 41.117583876678815
-311.8368979160036 44.27971312065058 40.76822501803779
-312.15060596963997 44.284781816 40.45700962265
-312.4161051004381 44.287582552580254 40.19251665761043
-312.635155060879 44.28749909588919 39.97347527932321
-312.8062363122855 44.28420907828351 39.802594879413355
-312.9393184202552 44.27875180831086 39.67206221216113
-313.03709359924784 44.270821051351625 39.57748651060826
-313.11318556684023 44.26087634712296 39.50399286950886
-313.17789691298 44.25077287911533 39.441669822410034
-313.2320153640691 44.24151924572202 39.38784272070526
-313.2853190102952 44.23393998408953 39.33461063376959
-313.34358489629307 44.22707011158152 39.275680953676826
-313.40766646089116 44.220442048796336 39.211218302896086
-313.4708057141514 44.21349405408206 39.14889944289642
-313.5276559730273 44.205996474768874 39.09335977688667
-313.57712546604427 44.198364631234135 39.04626382269559
-313.6215465749526 44.19080215067201 39.004014133036115
-313.662921192042 44.18358723886289 38.964406596081275
-313.7083633959712 44.17699557214393 38.920339804425005
-313.76822743909895 44.170806070774134 38.860175176938974
-313.8516209164139 44.16608614118029 38.773206466590835
-313.95868232302706 44.16402777223224 38.6585141106825
-314.0928750578818 44.16538647371825 38.513234967189746
-314.2574432401234 44.16863072010741 38.33265790557643
-314.45692873988236 44.174195558006936 38.11589388333297
-314.68903334634 44.1799514038267 37.861213134208114
-314.939346558163 44.18427645376504 37.5793530398077
-315.19942662596173 44.188586225255285 37.282416011072925
-315.4628970648083 44.19293877701101 36.97311050412552
-315.72851836134265 44.19702040760163 36.65207684866082
-316.0014447401159 44.200388380261 36.31372172409753
-316.28331038475295 44.20152939211145 35.95579886822362
-316.55703151993396 44.19843884068822 35.5913549243475
-316.82115717776213 44.19373963406685 35.2307581844884
-317.0590027744713 44.185626271201976 34.88361383494905
-317.29103039753653 44.17622541779825 34.5324885130345
-317.5163350949067 44.167494314631895 34.182465808445585
-317.7226477061647 44.15573019792288 33.833795273635005
-317.9108222719905 44.142703764798355 33.49846876988855
-318.08097941440803 44.125239059016856 33.16520956595973
-318.24282685195226 44.105027282286855 32.82957621720417
-318.39652737370557 44.08051333350474 32.47800223446745
-318.54504259052754 44.05443981436407 32.12103459979123
-318.6810071309788 44.02818645775817 31.773582211499097
-318.7992829644146 44.00174458084104 31.44011313511033
-318.9055503888875 43.972759390825864 31.103813186395527
-319.0001896382617 43.93949530209615 30.74826799758235
-319.08944977972936 43.90402057057176 30.368355882275033
-319.1608503667879 43.865367040862694 29.969064339184296
-319.2134775113715 43.82550976551098 29.568150200907542
-319.24483324244795 43.78476677015541 29.170114856264036
-319.26261716208774 43.74299219454266 28.774506797278338
-319.26428672618187 43.69527566039908 28.35873588439556
-319.247086516879 43.640660749797185 27.940253487633374
-319.19871318865114 43.57755429650582 27.503555497983353
-319.1305684115102 43.510397184901066 27.062976331237863
-319.0176694692076 43.43705185110364 26.62235500300043
-318.87143712652613 43.35838337760007 26.18162522175455
-318.707456171938 43.277471516392865 25.744888864266024
-318.50969789158864 43.190371873938005 25.306585862188104
-318.2989063357415 43.101491052709015 24.879489553237583
-318.0720340843956 43.01118123280145 24.46160620327619
-317.81651710865236 42.92005961691855 24.05637868295416
-317.53197870654685 42.82366363756799 23.630026266533076
-317.20174194586644 42.71703781631894 23.18505112112766
-316.83774496376964 42.600896085842486 22.708364175966157
-316.43122998635596 42.475691535490895 22.225524259389438
-315.9846023031972 42.339156110833244 21.707064925012787
-315.493145628646 42.18955686482573 21.155822646571004
-314.9474936085601 42.02200949837996 20.550900023473478
-314.36579262991324 41.84298484835369 19.91924542270793
-313.7625006470238 41.65746074599014 19.282360764567116
-313.1363813080648 41.46450067975116 18.641460721218625
-312.4823217185216 41.26164452916446 17.986385080437095
-311.7871467600682 41.045268713901386 17.302167733694745
-311.0719786733677 40.8239356289546 16.601918276563598
-310.3581963433492 40.60720509184818 15.911404726834801
-309.6654283816741 40.40145298017558 15.244315459590926
-309.0030023963324 40.206806415997576 14.606773661810752
-308.35170912268643 40.01493000484188 13.979632603976793
-307.6903483494691 39.819631866875184 13.342442636554804
-307.0099904082184 39.61813808030913 12.69287146348635
-306.31846702779075 39.4125464869643 12.035743649450298
-305.62652678780825 39.207695099456124 11.385953842848343
-304.9288295091808 39.00271976052147 10.736166355345096
-304.2165979806472 38.796589774962285 10.075419089531046
-303.4885481211895 38.589800753509095 9.406000404476622
-302.74706400722704 38.38416239977026 8.72806068509041
-301.98983545882186 38.17683657980383 8.038188878531196
-301.21708589950697 37.966600994078654 7.33651463244366
-300.43313472886643 37.75461636752799 6.623574112407377
-299.64148321246694 37.54090343698266 5.903797572313783
-298.8392862011569 37.32603561542963 5.175699505352229
-298.03316841820913 37.11225432239936 4.447354108735666
-297.23064688274076 36.90151058449256 3.7229488823371617
-296.4268824005279 36.69117600495875 2.9962117832297714
-295.61788291883875 36.47936871510024 2.2649243055457804
-294.7976864291366 36.26398289303906 1.5245415752818072
-293.9844114584428 36.04907344405897 0.7955175034735649
-293.2042454378209 35.841655092515346 0.10030717818988577
-292.4551680550741 35.64300205190009 -0.568348725394266
-291.7248003728388 35.45058334439134 -1.2212342624408605
-290.9909926191888 35.2562830329363 -1.8818410761779985
-290.25507633024534 35.0576356840271 -2.5472078653730885
-289.5067177152855 34.853310623497954 -3.2239292465190124
-288.75423398806663 34.6491405634367 -3.907928330195664
-288.02113514299697 34.45308189916098 -4.571710924696852
-287.31772006012045 34.26703992414979 -5.21096299282861
-286.6320122986407 34.08588728395789 -5.832426824346147
-285.92511838655156 33.89813065738118 -6.474258458575596
-285.1938235714838 33.70225108040495 -7.1359587866396055
-284.4532028824483 33.50269936717629 -7.804993801808691
-283.7303356596483 33.30698866906191 -8.45684138061214
-283.0233328777947 33.11444220939115 -9.093822019290746
-282.3134064301238 32.919612100469045 -9.732226976041076
-281.58965632442073 32.71991225842903 -10.378286018057677
-280.8631286551602 32.52118092804301 -11.019893752160712
-280.1511601599598 32.32811912578108 -11.645022635646288
-279.4467430817968 32.13897110422397 -12.25770295500724
-278.74612940258373 31.952452710778775 -12.861918916839505
-278.03256456757975 31.763307423405504 -13.47308437689959
-277.29831578995913 31.56786084699577 -14.097589739353928
-276.5454437026729 31.36603208190047 -14.733037525018279
-275.7934834820975 31.164406280826153 -15.364882956136334
-275.0569350936085 30.96892249912376 -15.980187876807086
-274.32539742748395 30.777197435618085 -16.589708247546827
-273.57611228952806 30.582191285424784 -17.210167797948884
-272.7977617303985 30.37983677409401 -17.851483478187927
-272.0038648426324 30.173658229877105 -18.50857126055683
-271.2144688923527 29.967926765467524 -19.167049459297314
-270.4409526095313 29.76681200504446 -19.816662960907234
-269.6747091536199 29.568299074587667 -20.464657158775815
-268.9019015790354 29.36855224110508 -21.11933169948115
-268.10561611818474 29.1598650005646 -21.79894944573899
-267.29219790188995 28.943365433100382 -22.494655415372296
-266.47293507360183 28.724557266994815 -23.19511455031578
-265.6671779442912 28.510438377806576 -23.885217154903575
-264.87271525807733 28.301845148989724 -24.567085308241108
-264.09409617856153 28.098869058466974 -25.235073970358847
-263.32431162567167 27.89789129472857 -25.896247158223332
-262.565063076078 27.697706784758584 -26.54817384564662
-261.8090584095358 27.49575085343685 -27.196214707988688
-261.0516046653785 27.29244667876439 -27.846544493421906
-260.2708604045159 27.082985046753887 -28.51733635619769
-259.4596108987218 26.866412415390375 -29.214136295925165
-258.61296815891967 26.6427245286802 -29.93932417155737
-257.7547931142971 26.415669702973975 -30.671456644935795
-256.8929381620038 26.18751788581496 -31.404520649445566
-256.04616708692237 25.962172709731284 -32.12458152212657
-255.21626286776643 25.74043025778772 -32.828794540586124
-254.41417683504295 25.52634854785594 -33.506886063877154
-253.63241338477732 25.31797252452331 -34.16826385638407
-252.86694927633158 25.11412990925161 -34.81386829475758
-252.09585554373254 24.908024774929338 -35.460957471128125
-251.3197156884889 24.702549303323444 -36.11191907719005
-250.5441722481478 24.501530867338126 -36.76457417083622
-249.78480389282288 24.30659870310193 -37.4009119025591
-249.0563360371736 24.116908895833042 -38.00995310609419
-248.33491615334353 23.92457251901742 -38.61173448324134
-247.60778496326728 23.728923017467586 -39.21794843392917
-246.87052880673795 23.52835017197015 -39.83428283481942
-246.16007479610496 23.33267518437796 -40.43179487039126
-245.48141411914335 23.14444391623442 -41.00810223177182
-244.8123052055624 22.957403921357898 -41.5787875963556
-244.12919942378534 22.764484538706828 -42.16007240740423
-243.4265422805402 22.566255693719864 -42.75382780721121
-242.71186042513926 22.366751608559 -43.356479465218655
-241.96196985960722 22.159353647090153 -43.98709814972435
-241.17323061694296 21.943444737533905 -44.64918660101007
-240.34510274210658 21.71875741110303 -45.344163407755254
-239.49159969621152 21.489641691416235 -46.05905684059947
-238.64954965500266 21.266535275234546 -46.763901792043384
-237.8401270022322 21.053549389765667 -47.44406079113923
-237.10220208533957 20.859167459312793 -48.06469927060729
-236.4005660931596 20.67489928786178 -48.65579196638429
-235.71031097555124 20.49467888309131 -49.238184484311496
-235.01476473259748 20.31418421059991 -49.82417994034101
-234.31797962693628 20.13489354011988 -50.41064363571993
-233.60974497436857 19.954579565238305 -51.00516431718657
-232.87010488182457 19.766770477123725 -51.62462830372541
-232.10828708144965 19.573089571358054 -52.26452838790837
-231.3465212371174 19.379973252054867 -52.90115740423706
-230.61234166348507 19.194651294105874 -53.5105253488128
-229.92746062692603 19.022103313936086 -54.07320014296676
-229.27966771293168 18.859491253084393 -54.60043578445009
-228.65291687718275 18.70354706896663 -55.10462319439152
-228.03860190684577 18.551257063584462 -55.59068865028007
-227.4488112592787 18.405757292176894 -56.048294399481655
-226.89313792103636 18.268880781317307 -56.46807010777704
-226.37356173673578 18.140981488604123 -56.84923402031207
-225.88071440402794 18.020436784154036 -57.20328674098039
-225.40009807281032 17.90474832573387 -57.53804546440253
-224.90778526994546 17.788158324405302 -57.869048164651794
-224.39740610725542 17.67031181553434 -58.1952800756157
-223.8777599324713 17.55366975242518 -58.50640358871658
-223.35590129914533 17.43916666620653 -58.80333733354544
-222.84157098855056 17.32905946049868 -59.07670067281051
-222.33012895924682 17.22269405868738 -59.32795400832291
-221.8142953464173 17.118697004382007 -59.55971234704376
-221.28873238419732 17.016598024528907 -59.775963303731146
-220.74099308323852 16.9144014854301 -59.97673324707212
-220.16681013901822 16.81212485874414 -60.161165148558126
-219.57144819773805 16.713132890509534 -60.32419445715154
-218.98324781149532 16.620371875694325 -60.464120034578585
-218.41252554120246 16.535995953587832 -60.574042270324504
-217.83851552582786 16.454901276079152 -60.66465050948627
-217.27640387696158 16.376459026606046 -60.75289722890195
-216.7114649379167 16.298317368914255 -60.833100594845156
-216.1670635751798 16.22496565511772 -60.900161861294336
-215.6092767347372 16.15142146562261 -60.95670883676676
-215.07888761362094 16.086874035512942 -60.98290962300528
-214.60335301414202 16.02822330564676 -61.010998690949314
-214.18682837028382 15.978467519829708 -61.03679064210259
-213.76547075715013 15.92972072855597 -61.070002378181
-213.3429894262412 15.882739105692256 -61.11191060295425
-212.86945414259932 15.83702617304994 -61.155507189677664
-212.37980470942887 15.797018400330373 -61.188275920887236
-211.85313265468315 15.764598490571318 -61.184747321318845
-211.3355098434667 15.737237828962346 -61.16479631291938
-210.81364271923837 15.712454770927673 -61.12773766716885
-210.2815228411173 15.691142023506007 -61.058133037608705
-209.75151461142346 15.671391882588916 -60.96744653301763
-209.21207091440118 15.651710578103522 -60.86331535211729
-208.63819623347595 15.630434916927763 -60.74987828941274
-208.02740078051477 15.607308382680246 -60.62589697691861
-207.37835882097866 15.58392713025746 -60.48470133748542
-206.70810468969262 15.558905914422683 -60.3327927437168
-206.01974228118937 15.52943393917272 -60.16731649480024
-205.30483594987996 15.495054021197593 -59.99066048089501
-204.59494534957813 15.459144635767515 -59.81050880580856
-203.89425895806627 15.423743109291237 -59.62647995706429
-203.20725240246384 15.391573238983426 -59.43223832403127
-202.5110236374371 15.361216730695803 -59.22572754127527
-201.78850290036203 15.332601477743706 -59.00233499864793
-201.03251447339082 15.304056240792265 -58.76279404799227
-200.25710215747486 15.275404398353366 -58.51328409768338
-199.47526552757049 15.245743622531673 -58.25891767244652
-198.68821318261598 15.214734508725757 -57.99792375728507
-197.89526573332896 15.1831022902679 -57.73335667789555
-197.0977368326963 15.151477050157496 -57.465189642674616
-196.29769817074566 15.119637256208886 -57.19388486082521
-195.48850169846796 15.088803344182182 -56.91731263071813
-194.66588020024773 15.059303863355696 -56.63760576475065
-193.83215809456874 15.032985028003306 -56.34797874280275
-192.98232215029475 15.008967539649603 -56.053272403057626
-192.1124591619709 14.985300981893852 -55.74761559606334
-191.2270979527626 14.961963625898859 -55.43305841803709
-190.33837789353456 14.938865866335474 -55.113732684129054
-189.46540216601522 14.916067804768591 -54.79844297974854
-188.60974852446464 14.892780768576188 -54.48951565495982
-187.78745111563543 14.868070874617848 -54.19287903190702
-186.99358903282192 14.842354949250376 -53.90697119379545
-186.19992091806472 14.81554281197115 -53.62354597149806
-185.39494310727045 14.788331339811688 -53.33834226511637
-184.59061569987 14.763883039328803 -53.05574436639037
-183.81622354308044 14.742915932932716 -52.788494506643616
-183.0797927902948 14.723769799386233 -52.53774587150612
-182.36482466756698 14.70592775479056 -52.298472541316386
-181.67446548261114 14.68757222626798 -52.07157701866385
-181.00824699353313 14.668271158816607 -51.85551135551321
-180.38244626498923 14.648109124692539 -51.655364826828965
-179.75928269122087 14.626409874559087 -51.45888281073689
-179.14210560369042 14.602621274043294 -51.26668891383096
-178.5269187467298 14.57922447490931 -51.077566991663886
-177.923727200712 14.557790851730346 -50.89676406469788
-177.31922138049725 14.539010311664288 -50.714452654818366
-176.70532440809922 14.521041868818198 -50.5246667277248
-176.0705265905967 14.50237641590279 -50.32993838447856
-175.40591531322016 14.482452622013925 -50.12907183762654
-174.70245352229904 14.458677534585757 -49.91438890412054
-173.9608319587024 14.430729842307215 -49.68693282572803
-173.18288773753088 14.399552420660608 -49.44863936072674
-172.40701731008755 14.36558802420679 -49.212307385897525
-171.6470964047035 14.331050080661326 -48.98249848249357
-170.90254916668022 14.296248399810732 -48.75872438370157
-170.1519614346916 14.260641064248208 -48.53125052041544
-169.37016456091052 14.222896855500855 -48.29421108016966
-168.5700977238531 14.182977215800248 -48.051915593086356
-167.74527747291785 14.1399129595432 -47.80160341227257
-166.90820365490563 14.095756977402097 -47.546894883013735
-166.0573411213628 14.050571942777008 -47.28659870417156
-165.20465131281108 14.005510796319019 -47.02648815443043
-164.35336068320507 13.959305825466124 -46.76753600084097
-163.49188203026492 13.911154048392318 -46.50484728413242
-162.6188991860818 13.861816491736544 -46.23739578514682
-161.735913616978 13.811831191753752 -45.966991276409296
-160.8701179153343 13.763263378873736 -45.70161604886291
-160.0328630215192 13.715456926203384 -45.44168966778928
-159.21849089361933 13.668083759177392 -45.18876553790258
-158.42025462405437 13.621481380508415 -44.940915422086135
-157.63437214543302 13.575686155672178 -44.6950821482103
-156.8688779828956 13.53165415487984 -44.45638780295168
-156.124372697018 13.489590621546142 -44.224467459819856
-155.40515102613088 13.44951508468586 -43.99926276034867
-154.68798697040904 13.411075811976424 -43.77302277866314
-153.9549799374364 13.371556056516843 -43.540870230199644
-153.1898261279047 13.329755468087214 -43.297607435479755
-152.40309488528356 13.28714678558023 -43.0485115961447
-151.61652859502658 13.245718297335982 -42.798907701965526
-150.85483044843852 13.20595720741853 -42.55581236789436
-150.11973527878266 13.16746935362116 -42.322854119035696
-149.3963020318291 13.128148481501773 -42.09559707905823
-148.67721653219863 13.087324563981834 -41.87087688518588
-147.97557557716564 13.04630632033065 -41.65381937244188
-147.29984428990326 13.005832607417398 -41.44592262490587
-146.648731121678 12.966090778158412 -41.249243587750286
-146.01321581010308 12.9272799384242 -41.055637536666545
-145.39314283574208 12.888613396675465 -40.86487546934117
-144.78692545888777 12.850149282860393 -40.679496586692046
-144.2054567678705 12.813664563582213 -40.50168435238749
-143.65525635137294 12.780235111835005 -40.33936700112918
-143.15062917131425 12.750410888612619 -40.18830417965125
-142.68775115761514 12.722468474449173 -40.050161819644124
-142.26582664546004 12.69597441695159 -39.925418044788564
-141.86854836009257 12.670538129140526 -39.80910826315469
-141.49372003597634 12.646420574364457 -39.70080522838454
-141.13201013960563 12.622472215666704 -39.598963023535
-140.76027333538272 12.597963548002095 -39.49437683566279
-140.35446660314025 12.572083611096616 -39.37879044553755
-139.91873045894147 12.545442711259284 -39.25505206267736
-139.47033390034494 12.519472847338132 -39.12766689686882
-139.01709964529817 12.494168885072735 -38.99777699021633
-138.55400981976655 12.468999320953746 -38.86423970698245
-138.08131474483017 12.443495982470212 -38.72880382608893
-137.6088250731006 12.416618953466886 -38.5939780215119
-137.13651606637612 12.389651554277481 -38.45541345085613
-136.6668055956439 12.363374327610094 -38.31242034442935
-136.20570903697921 12.339351496858905 -38.16563325368485
-135.7466688925453 12.317895960249091 -38.01213450225142
-135.29750283980064 12.298252466968005 -37.857765289608835
-134.88697245603984 12.27923292238933 -37.71343236640588
-134.52255182977697 12.260876504264605 -37.585713215158925
-134.19352831898783 12.244253225122142 -37.47276680801258
-133.86823405761538 12.228855137711536 -37.358448457641856
-133.53720157542827 12.21445238620441 -37.24052231018153
-133.21248545452121 12.201381361682873 -37.12477559842176
-132.90282664672858 12.189017907295234 -37.01810989073933
-132.60804591537027 12.176795273949631 -36.92028658445781
-132.31131564920645 12.163711255722047 -36.82408128761137
-132.01284803621215 12.14921520109128 -36.72981960447018
-131.72027866625245 12.133969551006627 -36.63774352105227
-131.4326723709701 12.11806135042736 -36.547862480364515
-131.14480271098282 12.101704818180831 -36.46136082392599
-130.85335805114792 12.08536860328267 -36.37393816732585
-130.5570662144693 12.069226222076335 -36.2873276603812
-130.25591171132683 12.052841285561405 -36.204103907344354
-129.95679078227587 12.036288067915624 -36.12546067343025
-129.66552189763667 12.019796004462691 -36.05221558555408
-129.38389657026738 12.00381808635615 -35.982373634622405
-129.0874642632054 11.987390113740652 -35.912391265257256
-128.76302972974028 11.969589172154926 -35.83577651459641
-128.40734414373478 11.950711804291283 -35.7534949458231
-128.03325859996136 11.931510342399603 -35.67114526269034
-127.6498280111261 11.912878118889788 -35.59181347925233
-127.26130624316097 11.893934879951187 -35.515862556404024
-126.8560398835078 11.8753781013404 -35.439582209706636
-126.42212512000899 11.85831449490219 -35.35924100911074
-125.95618309427935 11.842829003587282 -35.27358073647028
-125.4883506696979 11.828554246545785 -35.191269428504974
-125.04024906829451 11.815095605692699 -35.11792821171126
-124.62867567059105 11.802398887786548 -35.05840355205775
-124.2383041985394 11.790910968591795 -35.00804996922391
-123.84817947070182 11.779869802134424 -34.9613180450937
-123.44626413079133 11.76835158035277 -34.91188310083312
-123.03266166242327 11.755375964986781 -34.8611487071799
-122.61490442146386 11.740337666883965 -34.810601825948744
-122.17078530858748 11.725149586096498 -34.76527088927079
-121.64431627453764 11.712673560481285 -34.71078774880152
-121.0358077630622 11.703677028541911 -34.64249757069798
-120.39075876786261 11.694183817813453 -34.559563625708286
-119.77543867439844 11.682386482275769 -34.461148874399534
-119.168189212648 11.667851954073829 -34.35356754420596
-118.55469949559922 11.652817481151182 -34.233149194865575
-117.9190591365451 11.63548947877653 -34.09892930210367
-117.29264963996474 11.618626019299858 -33.95326332465035
-116.70440533335673 11.60311868344825 -33.78782878342993
-116.16199355024767 11.58826648755802 -33.61786681577762
-115.65286985013068 11.576661612945498 -33.44653513124471
-115.11146135051484 11.568733959565586 -33.262339480750605
-114.54714450961352 11.56268887287972 -33.06423732512796
-113.98950588870885 11.557008363805801 -32.86305112834045
-113.43420445267287 11.552886810060727 -32.65374563045342
-112.85853375894185 11.54974014779083 -32.435227836002795
-112.24346355678364 11.547353744577565 -32.208701158733945
-111.58575152748013 11.546719775353152 -31.978866132228912
-110.89085137153825 11.547079336448997 -31.74703504132398
-110.18179057773511 11.547590491026764 -31.51766836674557
-109.50766427645661 11.549721880672989 -31.306281220008866
-108.8743157303942 11.554548311011395 -31.112124529876446
-108.25984008099222 11.560187352468368 -30.931339867715263
-107.64750853695945 11.56667741922165 -30.75946291081425
-107.05405000691995 11.573951029782544 -30.60305018118097
-106.49808416968315 11.580763687652057 -30.462347757761794
-106.00300131490914 11.587582352725436 -30.340877905506307
-105.54582605555935 11.593699410136766 -30.228645087105598
-105.08569812345542 11.599956141951106 -30.11118129119715
-104.60825117748011 11.604371150613801 -29.985821767096148
-104.10963946030385 11.6078835481851 -29.853762723939212
-103.61250890912845 11.610982541840064 -29.72277374473347
-103.12168044100653 11.612612254123356 -29.596948453121122
-102.64169048927612 11.61337314160578 -29.474561720898556
-102.15775476188112 11.613760549426773 -29.35187019215634
