0.019270057973922727 -0.009559833621412515 0.3571984366798401
0.034767156953302944 -0.016982879706116807 0.7098515087598626
0.049764187737806505 -0.022229836063958945 1.0570791003013857
0.057740387126308065 -0.026634909698497446 1.406099942668098
0.05915712691701408 -0.030710717262114245 1.7562279951693962
0.04884580626615798 -0.03738080856125163 2.1290720909700296
0.024984367926206025 -0.04770061882922459 2.521722208518665
-0.0035967802691793116 -0.057200612093060835 2.9241821785628512
-0.0377165623904263 -0.06555422589838816 3.3271423927621813
-0.07978860298974357 -0.07387047441601004 3.729844189700317
-0.13327873571163756 -0.08243604964214298 4.140879592133054
-0.2019169408641901 -0.09126926534318723 4.566152636384753
-0.2804518294923919 -0.09966317172272579 5.009905418927173
-0.365701578601041 -0.10750822544337127 5.467572586158062
-0.4520700680148676 -0.11563064757984001 5.933305122947283
-0.53944092368567 -0.12386265470564499 6.414815794878138
-0.6377396499943604 -0.13299698531282284 6.907821583510778
-0.7454848981818215 -0.14335015309937515 7.4198156449885495
-0.856102840380303 -0.15463792450812605 7.946449487392831
-0.9692979372868505 -0.16717048178259789 8.491026599357554
-1.0831440734211877 -0.18156033472317437 9.041585928276163
-1.2122874325292503 -0.19751108386155009 9.595181169803682
-1.3561285210895309 -0.2165435027600257 10.15420674528353
-1.5063110379257978 -0.23896673297777465 10.72494543430775
-1.6505951857797445 -0.2642457313226901 11.300644442572365
-1.796934566029688 -0.2902940919622803 11.873569581381808
-1.9563055031206131 -0.31594474263188693 12.449873480945637
-2.1287079770398076 -0.342293104674827 13.046600257865487
-2.309960325936303 -0.36921447253535494 13.665984962644595
-2.4993852660825935 -0.3970552338512494 14.301215878811192
-2.6978402768574496 -0.42737468645270593 14.946431973125382
-2.900891054460104 -0.4623044970509904 15.592054378665264
-3.1097620263629557 -0.5039760498308367 16.243278118003815
-3.3243205109579614 -0.5538010008923114 16.900087222375294
-3.5506794082108066 -0.6116006323327756 17.565490747965157
-3.7814568950480316 -0.6748533521278821 18.23241711935418
-4.021818219626009 -0.7428868689681511 18.906338619904293
-4.272397728284363 -0.8158552153597568 19.59186732228181
-4.5303826619687015 -0.8934961911787238 20.29782220438854
-4.796302791080064 -0.9745480281124715 21.021690915191332
-5.072224406660998 -1.057739711213345 21.75637173560999
-5.356388162027457 -1.1421674714560175 22.497712095971092
-5.651900003348274 -1.2280883058430456 23.24722968874483
-5.964266865169145 -1.3158564922846825 24.005917552846533
-6.290162764492652 -1.4027895969543094 24.769804918240755
-6.627136309584041 -1.4860415332298205 25.53356372764548
-6.968904195941923 -1.5653890893335654 26.30030129482165
-7.3201781501372265 -1.6428827987428796 27.076524909095742
-7.684078026419952 -1.7193934737655767 27.864869168939666
-8.063981921912022 -1.7954844411026634 28.66590973601865
-8.451985631949478 -1.8695828663924696 29.47662318852816
-8.851971294803334 -1.9419384924839724 30.296384063802062
-9.26441594228475 -2.012576571458248 31.121512412125227
-9.684089895702474 -2.079864409719883 31.951499490473832
-10.110501367435266 -2.14302787865161 32.78092579335403
-10.544187948076207 -2.2027067327354253 33.61018622114757
-10.987370200360349 -2.261172883410469 34.44124678498297
-11.436721596399599 -2.3193051707850296 35.27882741651715
-11.89560219907076 -2.377725345452155 36.1254629650836
-12.366782870567018 -2.4373681349611402 36.98894952363849
-12.848717835333595 -2.499404236138364 37.87494691495042
-13.336301229265363 -2.563806096127601 38.77730423406991
-13.829656321151022 -2.629534129337868 39.69130094832927
-14.326487777440843 -2.694352211848585 40.60513218534844
-14.82954386175342 -2.7583867743679455 41.5221901942799
-15.342153171389166 -2.822310284098232 42.444295835272214
-15.864500090717216 -2.8862942617784473 43.37101610828629
-16.395608132412626 -2.9494660219127633 44.297795521817314
-16.930665281644686 -3.0099444034827405 45.21741634820348
-17.471074623830862 -3.0683811256767783 46.12744684110637
-18.016745015814376 -3.125587535666981 47.02850227621168
-18.57585683474623 -3.1820103479548583 47.92365339744484
-19.157732223671708 -3.238357843442976 48.81550983581866
-19.762469176756557 -3.2925703862514 49.70712745662754
-20.384310456764606 -3.344878746290003 50.59939847782593
-21.00859941046154 -3.3961833671058717 51.481204269559214
-21.63280901956214 -3.449964036528087 52.35400254764297
-22.263055005467884 -3.507588399677156 53.218682207035265
-22.89932281468434 -3.569166016661926 54.09043975764308
-23.54861991918116 -3.6323203970929785 54.97361166580507
-24.20419613417186 -3.690234657188943 55.85282243016987
-24.861434773638454 -3.741899283363617 56.72211442102212
-25.516520584718233 -3.788767735432565 57.57611258164729
-26.175560751716827 -3.8348368147227805 58.42220585831012
-26.84081164316156 -3.8824242375913602 59.265757209436885
-27.517932211295374 -3.9339894301204055 60.10716529567799
-28.208092868688496 -3.989146888844353 60.94719146999669
-28.908166591393915 -4.046073230586401 61.782232752868275
-29.618720107318335 -4.1035107023199116 62.61720317077489
-30.34046016660526 -4.162189578666278 63.45343122777096
-31.071566042460898 -4.222287968789709 64.28645498333304
-31.80784868601555 -4.282821229629417 65.11183996509457
-32.55168130343526 -4.344057819475483 65.93097768461881
-33.30426088939825 -4.4058136074725045 66.74442635882977
-34.06597011664311 -4.468678945894408 67.54973344245262
-34.835554019043556 -4.532476132610936 68.34139329450592
-35.613891514424736 -4.597728690332349 69.12297463985027
-36.40506228782586 -4.665780007233824 69.89856873285933
-37.213126762135374 -4.736597243020214 70.67554267921246
-38.03346225466509 -4.810214077179793 71.45612773873565
-38.858305203224006 -4.884150212118351 72.23355000640088
-39.68610133328124 -4.958404715843541 73.00670806379753
-40.521727864621504 -5.033876791948862 73.77695594549394
-41.36224771380286 -5.10979520929487 74.54237689192882
-42.2118706987052 -5.186824911674202 75.30411562781023
-43.070948229631014 -5.263901807358001 76.06462648433549
-43.9388382890762 -5.340863965217265 76.82577123644627
-44.815828587035284 -5.416577185371286 77.58692704492576
-45.69968564423332 -5.4906086495384745 78.34687616246381
-46.58703114267479 -5.56405435051841 79.10194371779416
-47.47734753948695 -5.636458628186518 79.85209700902328
-48.372228228744675 -5.710167796438478 80.60029875887464
-49.274946007930225 -5.7885708283261454 81.34683789578881
-50.19135128104324 -5.872839440573232 82.0953255115963
-51.11826088561236 -5.960769303061584 82.841839666129
-52.05185959033353 -6.048530815414159 83.57788463303214
-52.999361033746176 -6.135166581668132 84.30565408013597
-53.962519743387574 -6.2214704749545735 85.02308525809592
-54.93488520323211 -6.3064000609894 85.7263920340424
-55.915249051557836 -6.390410903955234 86.41714099489828
-56.9039476388109 -6.4753079890692025 87.0978578056277
-57.91484878220931 -6.564003083332863 87.77980461077861
-58.94429768615993 -6.65451514621979 88.46009093718894
-59.98664418577559 -6.745335311984461 89.13017114359732
-61.04066770930844 -6.835548925609597 89.7859484314338
-62.10582495028423 -6.926430396412734 90.42870928993482
-63.18617549636072 -7.019018234184072 91.06048032456383
-64.27605101456895 -7.113540517699659 91.68124393288579
-65.37558243073326 -7.209169240461774 92.29167986275989
-66.4811373696455 -7.303794625422136 92.89095952690657
-67.59665815326353 -7.396166536260946 93.48308007520723
-68.70870806549243 -7.48716594651706 94.06122999763828
-69.82446519687015 -7.578776659116079 94.63252424393234
-70.9410057184717 -7.672463305284596 95.19463145585613
-72.06004859147356 -7.770485342300929 95.74877488035236
-73.18069879842385 -7.872614002777482 96.29559756894932
-74.30730944634414 -7.978102654991194 96.83918635008705
-75.44191007070313 -8.083464875642742 97.38055695827533
-76.5765743245615 -8.185167305914778 97.91589845837287
-77.70559809539265 -8.282375957240369 98.44446419876202
-78.83301060302901 -8.376842593651068 98.96621977217659
-79.95858476502326 -8.469177560704575 99.48354148859654
-81.07577238861512 -8.560060958295786 99.992933259024
-82.18043312598267 -8.649835983593235 100.49315413931859
-83.27515962064416 -8.740532527615018 100.98425737788779
-84.35699525945834 -8.830506460768538 101.46613848723898
-85.43076773861404 -8.918389655555279 101.93655525127423
-86.49622033464013 -9.003553511073763 102.3980203492769
-87.55569138993549 -9.08770187360438 102.85099787427038
-88.60355021380478 -9.172788001798333 103.29258018164035
-89.64225593671584 -9.258757358405527 103.72759072008456
-90.66660537073206 -9.345326685726343 104.15517569846185
-91.6742184933802 -9.431416707366093 104.58120381610898
-92.66436427725131 -9.514994892034252 105.00779411327287
-93.64831649525395 -9.596171149650736 105.44630835377882
-94.62797815869797 -9.676084133235161 105.89495826970003
-95.59901810585035 -9.755023265469537 106.3510476318858
-96.5602489938409 -9.83279086470538 106.81658155482208
-97.51056222673574 -9.91007414191821 107.29084817817933
-98.4572225387317 -9.987495533985099 107.77890596480447
-99.40068791042613 -10.06367292627305 108.2821095767386
-100.34772664512691 -10.139171891012184 108.81127778081297
-101.29220510389534 -10.21209717832975 109.35941343712817
-102.22688130756387 -10.281328199230941 109.9185041418811
-103.14276141681755 -10.346448294389853 110.48431297420892
-104.03707656974628 -10.408234017316495 111.05294336038872
-104.90830808852371 -10.468017141633364 111.6217647126977
-105.76532081260422 -10.527992485438173 112.19604658110542
-106.61184060340203 -10.589477992621944 112.78570220895733
-107.44935835831721 -10.653350246445164 113.38476150671613
-108.27379640595427 -10.71895931876218 113.98792948701524
-109.0802936235973 -10.78360064621517 114.59970322159496
-109.87556485469977 -10.84674919713811 115.21642440860808
-110.65298581871355 -10.909286803377332 115.8349575315142
-111.41308828320668 -10.974060726566298 116.45649111627414
-112.15594034279007 -11.040350126539854 117.0826079588691
-112.89178799310793 -11.10658007118488 117.714606811965
-113.62012285365623 -11.170913376685737 118.35125980559451
-114.33947622363779 -11.234032572834728 118.99466934338511
-115.04787135989639 -11.295532543517783 119.63881872923434
-115.74026324716998 -11.354891631401674 120.28439967888076
-116.41200925150017 -11.410858673648173 120.9262354280889
-117.06919699892555 -11.462914571410636 121.5686152391232
-117.71093093261771 -11.512536440400957 122.2096400374167
-118.3363976854035 -11.560005737239354 122.85325927123446
-118.942727659742 -11.605978647677624 123.49265789995712
-119.52623808246993 -11.650127263871234 124.13460869610249
-120.09315484238182 -11.692033723044599 124.7800696494059
-120.6471081535395 -11.731369684169794 125.42941784174043
-121.18604682647978 -11.76907684542789 126.08304729279567
-121.70118758732471 -11.805882730699867 126.7365742472527
-122.19424744564515 -11.842413804702899 127.38829289890757
-122.67045676668873 -11.878861136132514 128.040487313947
-123.13202199498473 -11.915268273357858 128.70297033362618
-123.58271499733387 -11.951629289400788 129.3794528652608
-124.02124344348346 -11.988304393681975 130.06850076318932
-124.4498457791878 -12.02516443097297 130.77119018191598
-124.87019069861566 -12.061439104256202 131.48777328899277
-125.28026389866226 -12.095987494709119 132.20976159942904
-125.68046308807338 -12.128556230473041 132.93425034181087
-126.06864358743239 -12.159543524102508 133.6622639995893
-126.45016979517058 -12.18864955258192 134.39944942786923
-126.82385434050131 -12.214697102150568 135.14831370620962
-127.191464351067 -12.23709986322736 135.9081585734894
-127.5554504391174 -12.25651796485736 136.6776466169569
-127.92013429896043 -12.27382397504295 137.45993050297415
-128.28677859419915 -12.289826661540564 138.26101677591004
-128.65670683844803 -12.305432131189844 139.0802096193089
-129.0255682403531 -12.318616696678014 139.91148040622045
-129.39084231596118 -12.329905172994604 140.74979381766218
-129.7502496692951 -12.339395857517001 141.59556127899407
-130.10531577665222 -12.347293608828402 142.45342971549854
-130.455933597928 -12.35311635387828 143.32658437616516
-130.80480983453052 -12.357451722516256 144.21699264596418
-131.1502112280958 -12.36119785950843 145.12233918726943
-131.48579821682935 -12.365198268882061 146.03867368791825
-131.81663942528368 -12.371377666179683 146.9705675105303
-132.13960858569092 -12.379888447399514 147.92268910102905
-132.45533438300498 -12.391316071961255 148.89710174699522
-132.75626605055635 -12.404775675757113 149.890865298419
-133.03416557095323 -12.418860849770933 150.90169149729218
-133.29242709112447 -12.431816298308352 151.92857533769504
-133.52439105808037 -12.44274292306751 152.97308813991776
-133.72969488610286 -12.452414354185942 154.03632050851533
-133.90801007337086 -12.459690679772528 155.12144600133973
-134.06431559033393 -12.46378773100086 156.22537041759705
-134.1976361396134 -12.463244603502753 157.35221521132377
-134.30456699169065 -12.457827321648933 158.4977663586281
-134.38886649089824 -12.448824877346643 159.65593715969317
-134.44444411218254 -12.437675681267082 160.83140277723908
-134.47337789729465 -12.425874396308823 162.02439162997803
-134.4712780642372 -12.41351351528051 163.23512901315758
-134.44435138560712 -12.399501147702338 164.4520631253583
-134.39144546441057 -12.382772339964614 165.6716149387221
-134.3130001963608 -12.365150335576706 166.8950998455834
-134.2043888610627 -12.347276826641465 168.12432981070214
-134.07264469540854 -12.330755448916687 169.36031557721103
-133.91061942316605 -12.315214742769411 170.60384333668594
-133.72149655023463 -12.302328999506694 171.85557805788704
-133.50733559312945 -12.292518983857775 173.11618021124258
-133.26389606967427 -12.285636590412388 174.39030453137806
-132.9936750156582 -12.2828695233619 175.6671946849818
-132.69831693610493 -12.285168878215643 176.9423568251333
-132.37771641483738 -12.294041416904976 178.21876221030075
-132.02900976139668 -12.310751806406532 179.50441856265684
-131.64918271935184 -12.335097370673369 180.80143347723248
-131.23971227431738 -12.365316106690747 182.10763221845738
-130.79708095128765 -12.398445012820078 183.4176152770473
-130.3227101971545 -12.432961184396689 184.72746785675636
-129.82136877260552 -12.46925828930443 186.0350027361936
-129.29429389413272 -12.510234244037374 187.34944345425492
-128.73772782120918 -12.556334289725179 188.6717472255545
-128.15120125480462 -12.603456306831815 189.99419508562838
-127.53581299032368 -12.652341850932954 191.3136089021411
-126.89081520379963 -12.704718074648717 192.62099801722547
-126.21983700782886 -12.762553880317302 193.91482552667998
-125.52311943042507 -12.825856310307723 195.18869437355966
-124.79979103666894 -12.89704041609508 196.4551667792176
-124.04617441730842 -12.977251773827165 197.71618345132336
-123.25916374729883 -13.063208968658842 198.96525720716278
-122.444144528183 -13.151585025359699 200.19182647255448
-121.59345742306706 -13.243501027198064 201.3983764506973
-120.70208929161213 -13.341061896235445 202.59118871760785
-119.76774637317412 -13.442825571547484 203.76548313978125
-118.79366804412096 -13.548725726344056 204.9184353558778
-117.78366532059054 -13.658995906397307 206.0467686846024
-116.74058973699482 -13.775683799239847 207.14851385561627
-115.65937295165338 -13.900213853886292 208.22883862159915
-114.54625877496849 -14.030367179080333 209.2847392406857
-113.39772282714004 -14.16451243760995 210.3184226020902
-112.22772179702461 -14.300284271127417 211.3225469075999
-111.04126622145228 -14.436234912250011 212.2913113312062
-109.84121101271094 -14.574612673672757 213.22822979332537
-108.62632238205285 -14.717521118802456 214.13856518901366
-107.39344043293568 -14.866321836794544 215.02549223808956
-106.14541304331615 -15.019510575295673 215.884862390182
-104.8867650854316 -15.173515574491056 216.71514631884438
-103.62132814452701 -15.325888115852043 217.51143731533546
-102.35031956976698 -15.475673348868614 218.2734738415985
-101.07092903833981 -15.623625396648743 219.00343203392123
-99.78640950686065 -15.770704743826363 219.69699630558205
-98.50021386449426 -15.91874115802759 220.3565484278235
-97.19935777575529 -16.068189554805496 220.9815885761069
-95.8861126765246 -16.216437277520797 221.57504935057793
-94.56491713666179 -16.359927235095576 222.1316402136875
-93.24873207743549 -16.49764420255212 222.64706877114497
-91.93693174435987 -16.6303947030934 223.11989782317045
-90.6219025254546 -16.76088473822314 223.55876636547228
-89.30549943920356 -16.88931289432975 223.95860724968486
-87.9875183261887 -17.017277724034138 224.32816383541893
-86.673335802818 -17.143692638841618 224.66449852087635
-85.35586457927796 -17.269033898549992 224.96961953198397
-84.04572907559225 -17.392645027912454 225.24387938751272
-82.74879364280513 -17.516891270569815 225.490286011255
-81.464092760682 -17.64624820368845 225.70827339758569
-80.18408397934988 -17.783780013959845 225.90067320486122
-78.90860513113937 -17.928758330235688 226.06782326011214
-77.64234265066273 -18.07583877066475 226.2094125256681
-76.39106456452565 -18.222011740036166 226.32519644406227
-75.15429638668985 -18.36543716543482 226.41431736099477
-73.9259517535226 -18.506691619011352 226.47646347248224
-72.69792159669724 -18.646575886760356 226.51626418639435
-71.47523807265621 -18.785701686528764 226.5337226973682
-70.2674572075675 -18.925386205618707 226.53899329010054
-69.08618064746034 -19.06438642952148 226.51973059259976
-67.91619282358198 -19.2041366333878 226.477393099534
-66.7547101826767 -19.340911503533707 226.4113590247369
-65.59962500391934 -19.47296255856368 226.3310851878907
-64.45133190311446 -19.599823147243853 226.23602345965145
-63.31219469171064 -19.724055911211252 226.13126075771322
-62.180986808373106 -19.847094394422623 226.01874284728996
-61.04885189101976 -19.971654854845486 225.89920025575603
-59.92697037247775 -20.099643451176497 225.7755744994481
-58.82887621096383 -20.230071249569495 225.64769359618293
-57.745490172716835 -20.3615737218447 225.51814778545807
-56.660080945833286 -20.492163078934134 225.38199672449582
-55.58343034714104 -20.61393231870531 225.2400002553937
-54.52820131846222 -20.725288964662617 225.10120783780897
-53.490690482060586 -20.832876223097536 224.96767663411595
-52.46017943225093 -20.94119703457097 224.83570669306042
-51.43935093868624 -21.051733204924982 224.71012516853543
-50.42717578664636 -21.163393318362104 224.5905045738293
-49.427844130035396 -21.273909643762515 224.47562833720036
-48.43213917808906 -21.384242034418662 224.36794747581217
-47.4317251326643 -21.496183675204705 224.2658696598312
-46.43220455035919 -21.608364089408663 224.17120570333117
-45.43626966910831 -21.7203127023585 224.08209086541228
-44.456823571575995 -21.829772771806937 224.0012224803893
-43.48192130202626 -21.937465062592704 223.92862373028257
-42.508824116890054 -22.044799626298154 223.86403488010654
-41.53003692287109 -22.152669287695886 223.80604519638115
-40.5565564890516 -22.259066370266318 223.75605221845612
-39.592867732759956 -22.363625372618774 223.71320916349555
-38.64316542227518 -22.466440108502624 223.6796202236637
-37.697546080010746 -22.567930339926143 223.65141664183142
-36.74911847920007 -22.67057218139683 223.62964614182602
-35.80738664760011 -22.77398965053596 223.61805911377027
-34.86839952744992 -22.878379767790978 223.6151472944134
-33.939035986802864 -22.981425196557197 223.6198590718869
-33.00932567312854 -23.08453031571447 223.63384816152356
-32.08267381182905 -23.185879371829387 223.65541897461677
-31.15693436348469 -23.285667254164835 223.6837029595584
-30.223752176375193 -23.384487487427595 223.71758574439065
-29.275569091277873 -23.4843328783444 223.75727356120825
-28.319848540580658 -23.585461332805767 223.80413441657544
-27.37932227405798 -23.684338266720726 223.86062100646262
-26.44807780383731 -23.782022798962082 223.92683566799948
-25.524299823066162 -23.879021215137623 224.00178659323382
-24.592976048666905 -23.975925897412164 224.082758001143
-23.658371860688085 -24.071995004981037 224.16885876100594
-22.714080114985336 -24.167899478017073 224.25593057926636
-21.764655657676432 -24.26521717715756 224.3438464761127
-20.811615801604887 -24.364399973724847 224.43272174675377
-19.862579598365844 -24.464876082877474 224.52336440527804
-18.91161498943124 -24.56770003315418 224.6189627067905
-17.95633486629529 -24.67308656335154 224.71826397665274
-16.98787999972421 -24.782091099181553 224.822326239277
-16.00857326199392 -24.892856968816933 224.92912385353165
-15.033398597954955 -25.00234055100344 225.03859584434795
-14.065392560566254 -25.108220595427113 225.15059055255568
-13.100331882609296 -25.211532323370594 225.26553486074283
-12.126154752487274 -25.315787257626294 225.3883558047207
-11.149801159593459 -25.419994309990933 225.51743435946733
-10.169230419333243 -25.524914199234452 225.65522063980768
-9.18675457712778 -25.630057389931025 225.79965984384532
-8.203038906615433 -25.735101607079372 225.9536702896228
-7.2175919624539135 -25.84047981881723 226.11992478277426
-6.241650866595307 -25.946483190274876 226.30245638379685
-5.2630914131309705 -26.051372602637695 226.4950039233948
-4.282549331583355 -26.155891674789814 226.70328910118457
-3.2989127704615244 -26.260864943096973 226.92140758764782
-2.3218094315593554 -26.36762240169065 227.15082707875715
-1.358537646818581 -26.474970712668817 227.38972664449807
-0.40858853103793624 -26.58109624044326 227.63536044537005
0.5329080798249095 -26.686275317266418 227.88860608920953
1.4705506628903344 -26.790493332908 228.14972166201093
2.4080856779342854 -26.89453290162837 228.42192162536313
3.3368312170537178 -26.99850689614966 228.70121689490094
4.249144303957024 -27.101005625105135 228.9846871092792
5.157779728169678 -27.203795524697174 229.27497944011185
6.068562278393713 -27.30723742360752 229.5771984959433
6.978802339354302 -27.41001733972657 229.8867891558406
7.877453121509213 -27.509468857789102 230.20306997025753
8.767218470857472 -27.60537122230792 230.52460632990753
9.648185520116025 -27.699355868407178 230.85604551627404
10.523790560437183 -27.791557391515994 231.19985593422976
11.396617160369091 -27.880873837027856 231.55131772596866
12.263141905268675 -27.96903134539214 231.91270231296082
13.114753160682993 -28.055787166924308 232.27688244034513
13.959223899078168 -28.140697055483237 232.6470002796115
14.804106759955895 -28.224303973937534 233.02650616303043
15.644687922002449 -28.306423567373518 233.41310151105418
16.477893898338 -28.387361750800586 233.80855215856965
17.301533705549634 -28.467144966377926 234.2098384094259
18.12820510936152 -28.54689219639806 234.6224112046883
18.953023667487656 -28.626132600223965 235.04355832263116
19.776462333201717 -28.706110593662743 235.47732593707343
20.595959289005833 -28.78819957586251 235.92456680434805
21.41622685484002 -28.87166294261745 236.38397156656583
22.235671921492457 -28.955690066806653 236.84707384948805
23.043064593088292 -29.03857183108799 237.3046964935407
23.845257662978412 -29.119597006528252 237.7572664488258
24.64873878960606 -29.19918911013096 238.20735241018502
25.45757790568314 -29.27811000651749 238.6578836455273
26.267330143736906 -29.354757569811245 239.1054562261952
27.08236197761086 -29.42799707769665 239.55715338948897
27.900905626451426 -29.49774438419512 240.01252876877743
28.725999395393384 -29.56440427949923 240.47242759119726
29.551026470148727 -29.62768437894506 240.92873041214762
30.37662541161656 -29.689091075039855 241.38660338028342
31.20358992404148 -29.749725119090204 241.846954539043
32.03636699123792 -29.8088077928872 242.3065365120644
32.88754827660577 -29.866793092329434 242.77415609650436
33.7576039192543 -29.92395405691062 243.25154538588936
34.647232505798 -29.980114584504758 243.73799468640914
35.54085015014282 -30.034317467068078 244.22815323742782
36.42548423292145 -30.08563914052981 244.7139088704267
37.29920389906388 -30.135072964756723 245.19478812008546
38.16849473131107 -30.182753960360348 245.6758529734387
39.03941818584055 -30.22873225353674 246.15995560872332
39.90886599389014 -30.272967820527274 246.64562061188317
40.77446227513352 -30.314265264910517 247.13341598644905
41.636252810678464 -30.353065082231385 247.62248297969492
42.48930856855744 -30.39008710485205 248.11471676757492
43.33744406353418 -30.424849365080494 248.61073735198224
44.167890769671466 -30.45902093729906 249.11373254573044
44.98652835335075 -30.490922745484227 249.61830220100694
45.79831218928227 -30.520600960666428 250.12735649074077
46.607217185174456 -30.547454994751174 250.64500109702766
47.40965748406256 -30.572557936393917 251.1707292542719
48.21007640542162 -30.596044068777744 251.70708553695266
49.009257539126665 -30.618981377730826 252.25706785628293
49.80176806126711 -30.64213275944317 252.81964023720627
50.58518055339337 -30.66439184277515 253.39220746481226
51.36278144870995 -30.6856167249338 253.97757927710674
52.133369310841246 -30.706455835307764 254.57742200224067
52.89984318526077 -30.72544224966398 255.18525856531426
53.65615935464736 -30.741708802910118 255.8017248724703
54.408156653546136 -30.7551763901589 256.4312310501074
55.15630069285596 -30.764775288525573 257.07138484185975
55.903995281646345 -30.77155283709497 257.72619858276596
56.64402884808585 -30.77597658304272 258.3906507732868
57.37590157659647 -30.77875495879449 259.06917161107486
58.09711505688821 -30.78041988408563 259.7641815459253
58.81322824479838 -30.779669259173435 260.4789870328641
59.52320950809074 -30.776512456787305 261.20940116924686
60.22577838358809 -30.771472103687806 261.9593291307595
60.927289547002324 -30.764681844498433 262.72359312358606
61.61752173434549 -30.758510602461648 263.5074644809876
62.299108185743904 -30.751902420814197 264.30311433892746
62.96755027236589 -30.745172323457005 265.1070798589203
63.624041704113445 -30.738874724341148 265.9213337281837
64.27695587681275 -30.73246188664768 266.7478013499947
64.93123696740082 -30.72548284144936 267.592002660995
65.58196287667927 -30.718820286731084 268.44904562383186
66.22225540545814 -30.71208993273886 269.3148197360375
66.85663781301795 -30.702551525531547 270.18859632192715
67.49193325595674 -30.68928339818471 271.07382086057726
68.1312032407379 -30.67452285689754 271.98106328428435
68.76839221911496 -30.659733334372795 272.89480851853835
69.3982845197465 -30.645334400044085 273.7988013575659
70.021916461775 -30.633485718622875 274.69625084545254
70.64334870990855 -30.626120658442954 275.5927972122862
71.27251502693329 -30.621223452410742 276.49989374944624
71.91066004160666 -30.61705837293983 277.41428141679995
72.5506363324281 -30.613343071922344 278.3337967600873
73.19406907382383 -30.609395347892185 279.25473452536045
73.83898791596206 -30.60669316046972 280.17976127939994
74.48676012931338 -30.605692285209624 281.1101792029259
75.13888924673604 -30.605215593892435 282.046354352865
75.79047266455515 -30.605656138163464 282.98495669366247
76.43799223867033 -30.606572379191803 283.92596275985784
77.07378900109917 -30.607815468840922 284.86407178710533
77.70117224874878 -30.60915890918141 285.8042057317472
78.3221290799485 -30.611138422546222 286.7541278108927
78.93151655657873 -30.6145764811152 287.71344688514927
79.52153027358656 -30.61744284303384 288.6703076517897
80.09376167449774 -30.61938770380168 289.6272104902283
80.65202062066794 -30.620710573535888 290.5918524893747
81.19843433426738 -30.621241748155903 291.56450623392914
81.73557287063092 -30.621951828726115 292.54437043063336
82.26104348433786 -30.62318170221361 293.53356199247446
82.77291168768518 -30.625204133955858 294.53615155141705
83.26714109125774 -30.626742829943392 295.54473497804906
83.74025880571341 -30.626911792920634 296.5493646085203
84.19603222435693 -30.626233959039602 297.5546708677398
84.64135160643761 -30.6253314559918 298.5683549065837
85.08765006401718 -30.624134411235538 299.59148217925195
85.53400875200224 -30.62221442942266 300.61855276342067
85.97782698247467 -30.621073225873673 301.6457260449478
86.41693483064493 -30.620922721180992 302.66943475392367
86.8504401174227 -30.620960090677247 303.69303630602974
87.28276142577467 -30.621724419518497 304.7281362349017
87.71045475163602 -30.62364923296111 305.765084752012
88.12738668122084 -30.628199101771912 306.7965718501517
88.5324904757935 -30.634548429597153 307.8113113690429
88.93086719230797 -30.640715088666198 308.8278791701028
89.31859217316357 -30.6461359002127 309.8490015957453
89.69995641400335 -30.650273941761256 310.877606267324
90.07987039942637 -30.65288346554104 311.9066566033946
90.46259231969096 -30.654671584141866 312.9420454256587
90.84541558997888 -30.657298949140795 313.97919345820156
91.2222459043529 -30.662475919192172 315.0183996753987
91.58848841215917 -30.668586105596518 316.0417812432952
91.94526229612244 -30.67567829301013 317.0357891799155
92.30030480670274 -30.68286276404313 317.9940973674238
92.66063531163533 -30.68942774161238 318.9174406759422
93.03349138566432 -30.694891154431396 319.8251396633216
93.4155945638268 -30.700194095988046 320.7154321080168
93.80743101777742 -30.704976996111913 321.59854430208696
94.2007801625256 -30.709444477223844 322.47039705352967
94.59780681172684 -30.713924334747624 323.33694876824796
94.99724068256197 -30.71831061025727 324.2046480868896
95.39604059908388 -30.72306229377507 325.07697067180266
95.78526360531805 -30.72837184763803 325.94615870648107
96.16248597698998 -30.73366035078795 326.8057537141847
96.52485448386842 -30.738329454861876 327.66760111926885
96.87624350505182 -30.742969442393115 328.54267455745685
97.21546365613173 -30.748514564882583 329.4287346461258
97.53480922593889 -30.754467450253813 330.3123966455659
97.82827984224146 -30.761479383956466 331.19192358576043
98.09178746962722 -30.76912822323024 332.073763490022
98.32885410089125 -30.778265149930817 332.95949044566186
98.5420923043951 -30.78943612360634 333.85130898775503
98.72546648226921 -30.80104237728728 334.73541418097847
98.87205381913238 -30.814217021863726 335.619097657491
98.9950016928269 -30.82917535262183 336.49478777363083
99.08836011904606 -30.846330934659363 337.3596023252718
99.15190318601375 -30.86683358788049 338.22950445814564
99.18594803847182 -30.88938879696327 339.10462604004556
99.19795733160358 -30.914959208888348 340.0025237780761
99.18295814996371 -30.942377873584316 340.9156467178389
99.14827987299022 -30.96863108120412 341.837162241264
99.09808072574654 -30.992844773924805 342.7653434806008
99.03149446723943 -31.015258570881382 343.7035028993376
98.96600495105403 -31.034880245201755 344.64964996124803
98.90051989470817 -31.051803136820684 345.6016683705394
98.83755506317621 -31.070821329785968 346.5649935279832
98.77775965236808 -31.096640689809657 347.5397601360336
98.72253213095937 -31.12688223034661 348.5334994502068
98.6739758993315 -31.15951635413737 349.54668659272437
98.63086003284455 -31.19354461589227 350.56489716662736
98.59121602549202 -31.228912664697578 351.5789208999393
98.55520250503608 -31.26697217324735 352.59684349113314
98.51909451422786 -31.308587738565553 353.6319605945847
98.48064060351922 -31.353387816827674 354.687500591324
98.44034547342125 -31.398453944797698 355.7544969562838
98.40124607081745 -31.44126104538255 356.8276275771928
98.3610405536237 -31.482908968405095 357.9066959308981
98.31929486126906 -31.52506963555296 358.9990431758623
98.27841724065526 -31.568645106984167 360.1035260126227
98.23653431026048 -31.61463455286625 361.218897012751
98.19735925145709 -31.66471239748741 362.341911759981
98.15998414797198 -31.71926086936221 363.4666619660805
98.12132685241038 -31.777404189935503 364.59189649150125
98.07898256860554 -31.836514587599606 365.7168256742505
98.02570128136185 -31.896439481771928 366.8429211191774
97.96412827307216 -31.95703548292201 367.9742034445856
97.89084227608424 -32.01962032234224 369.1038923099267
97.80727494319581 -32.083515383889875 370.2303783323477
97.71067698765141 -32.14854797846678 371.35131648585144
97.60262225033814 -32.21404163945165 372.4719177687658
97.48631796015815 -32.27973230739163 373.5842412678506
97.36079250310112 -32.34590613221842 374.6827856082248
97.22642239934032 -32.41384994210529 375.7750198478293
97.0883267268512 -32.483208112440224 376.86596900621424
96.94162206140342 -32.555303796588134 377.95940237653184
96.7877433855783 -32.62979207821367 379.0521904587866
96.63049775785477 -32.70503332595976 380.14291374763354
96.47172010470007 -32.78139407079788 381.229331854054
96.30730995121982 -32.85928521330665 382.2994278407243
96.1439120523127 -32.93694847787968 383.36005293861615
95.97001941894844 -33.01708563122681 384.4193447149785
95.78322266850772 -33.10077869330425 385.48933319074973
95.59836609746279 -33.18138132069256 386.5621350175692
95.40475150284524 -33.2625352853981 387.6352004968146
95.20419780377003 -33.3446098070386 388.70828690266734
95.00639665719152 -33.424376810185 389.7839826559711
94.80880387639866 -33.502322545596016 390.86425326926536
94.61131235547849 -33.57697237911737 391.9426009366041
94.41387855055054 -33.64977708075125 393.0278449159938
94.21140318438258 -33.7244381541686 394.12513277564284
94.00380482684237 -33.799642602767655 395.23849521394476
93.78949196682984 -33.874496381328676 396.3573229784541
93.57238305931313 -33.9497306540562 397.4774796463009
93.35265839456079 -34.0239540100023 398.5953271993513
93.1304153119547 -34.09752817153117 399.704319233175
92.90816425412974 -34.16875371590907 400.8004616906852
92.68853628556064 -34.236421102346505 401.88176741326004
92.46725582534538 -34.30223075801144 402.9642651084931
92.24466557036232 -34.365841148809345 404.0585571552576
92.02373114896955 -34.42684081990732 405.16397855909435
91.8063304407214 -34.487087794273016 406.2737113078322
91.59325321247327 -34.54742285447642 407.38371262330423
91.38108528427662 -34.606838909402484 408.4911757935947
91.16976162738347 -34.665064283396234 409.59976237247065
90.96100094945743 -34.72251971729558 410.69931890147717
90.76021925195204 -34.778472391406446 411.78795262927787
90.5624591434218 -34.83462207753174 412.8673797491802
90.36847188240748 -34.88930984277575 413.9436599334239
90.17597718323445 -34.94140016448344 415.01730855759166
89.98535611298526 -34.98972547298543 416.08599138161344
89.79622174567638 -35.03471292936054 417.1470596932043
89.60666467341572 -35.07858672363542 418.2060658867584
89.42141005362237 -35.12036798357121 419.26080332827723
89.23547800632802 -35.1628064013225 420.30975444433784
89.05810518095451 -35.20378962087394 421.34909547339515
88.88148318288992 -35.24614364711979 422.36546530657523
88.70800176098363 -35.28888570686 423.3620089819679
88.53603995344159 -35.33197189571803 424.3490573075604
88.35950710703676 -35.374128113916576 425.3431421917086
88.17981889001176 -35.415355698053524 426.335327409193
88.00034024040757 -35.455380250435645 427.32237653675344
87.82297673039233 -35.493906393356 428.29952180072894
87.64483172133679 -35.52965656550428 429.27781685394643
87.4632290321751 -35.56335379141502 430.2702005205027
87.28085824667333 -35.59305448060343 431.26091245295345
87.09828999975744 -35.61945672587542 432.2381146360077
86.91418165471154 -35.64370252129861 433.209078785588
86.72877470339577 -35.6666538208127 434.18068820107095
86.54105041778145 -35.68842378777465 435.1563202720036
86.35328010952128 -35.70850203446498 436.12564930097165
86.16380604653983 -35.7279702617822 437.087883358919
85.97254363013768 -35.74519902274471 438.04875118055634
85.77956580806715 -35.75828249525494 439.0147524092465
85.58501883230342 -35.767683062350294 439.9768286027506
85.39039838947636 -35.774592409801514 440.9316372949001
85.19849089419361 -35.779642974200065 441.8711781551121
85.00556442886919 -35.784617974882956 442.7986396899802
84.81089298810876 -35.78984627848851 443.72274200313905
84.61311929608267 -35.79567262784981 444.63476824946616
84.41745524527896 -35.8007797295001 445.53989220140863
84.22287703638716 -35.80551802185324 446.43695043939755
84.02436907524242 -35.81058532544861 447.3366108097645
83.82956214372268 -35.81405173722216 448.2419779309261
83.64096591530901 -35.81551354034069 449.15272676661033
83.45077611774397 -35.817229112430525 450.06122316591905
83.26053008146705 -35.81981263501527 450.9548761414625
83.0775777582797 -35.82108168593847 451.82404328886605
82.90372290378176 -35.82163304858895 452.66095459505607
82.73369361993298 -35.82153073350544 453.48056261986846
82.56376860243942 -35.822435326316125 454.28540726190704
82.39713364022387 -35.82501925972828 455.0729319497204
82.23631898912608 -35.82804066696245 455.85447295849855
82.07908564889772 -35.831301421872055 456.6361964742258
81.92203054468408 -35.8351754304056 457.4211478232262
81.76825368626112 -35.840723039124484 458.1978663013937
81.62589702359546 -35.84545754018662 458.97033857966454
81.49103210118139 -35.84960178260444 459.7363750136422
81.36206766133742 -35.851367346489404 460.509074468773
81.2412204686424 -35.85070543664494 461.2807030281432
81.1375690966694 -35.8474720541745 462.0545234952668
81.05161555396076 -35.84122961360034 462.826533228235
80.98348506232522 -35.829685490296605 463.59257117263905
80.93461195683211 -35.81454129271659 464.36284883212215
80.904292818351 -35.79688743123903 465.12713058050326
80.90387858831971 -35.775903440205795 465.88952011912914
80.92456992858685 -35.75349595039764 466.6443295072403
80.97057188960741 -35.72902178182913 467.3886367628293
81.03574517192862 -35.70367299851496 468.1390992660651
81.11984651933022 -35.67761074308371 468.8884099470702
81.22684756564546 -35.65114615860291 469.6333871657583
81.3537194935306 -35.62316942163287 470.38099073972984
81.50502021628131 -35.59214155258248 471.13864350360916
81.68281781205434 -35.55817469017632 471.90111863053284
81.874930075112 -35.52351417273282 472.6573137711528
82.09046146146467 -35.48745972076908 473.40414712834104
82.32712163562594 -35.44987171221453 474.1516953807563
82.58300929318712 -35.410313157960864 474.9036191881
82.86203719437022 -35.368100571735035 475.6626100617069
83.15819711259184 -35.32472035259255 476.42292439311615
83.47406660289171 -35.27921359203655 477.18829359988655
83.80541061089414 -35.233458851193035 477.95791915904493
84.15179632379458 -35.1860108780663 478.7259440030547
84.51084445424722 -35.1372230576784 479.48243376401587
84.88845883550248 -35.0878821962467 480.23613343205955
85.28379669268712 -35.03883371537733 480.98264310185385
85.69603707493268 -34.989100859876615 481.72372809421114
86.13199499911599 -34.93670263630198 482.4585681828965
86.58584118547266 -34.88390315974697 483.18989499895656
87.04713061067636 -34.8310626489127 483.91646132708735
87.53566971474365 -34.77554039245946 484.635952067005
88.03838859579407 -34.71854634062844 485.35315977203766
88.56193009287192 -34.66152707905731 486.0677905383615
89.0797760165565 -34.60808313760398 486.76179626766657
89.61755983405972 -34.553757748762884 487.4414369712393
90.18062452512436 -34.49913712743592 488.1064499502207
90.75707868411268 -34.44320195859957 488.7535135228754
91.33925070465256 -34.38630960403892 489.3765393690243
91.93757938571856 -34.32612446828964 489.9743374772047
92.56279287817117 -34.263118608216836 490.56311023756285
93.2079062114209 -34.19808709508463 491.1341710364501
93.87137611527619 -34.13086979364545 491.68224130972334
94.54594237539048 -34.06323584193227 492.2094261441851
95.23442274133734 -33.995097015903774 492.71790885742644
95.94079182032505 -33.92483429892287 493.2062012993309
96.65448792081492 -33.85279044908044 493.68213323987317
97.37995049333719 -33.77826433116835 494.14167450439703
98.11480908146152 -33.703259532705076 494.58846855553
98.85530059625326 -33.62795127341448 495.019282320136
99.59852115540352 -33.55150070847087 495.43416011867356
100.34466777818659 -33.47253994644162 495.83369570632345
101.10273621581877 -33.3903150921653 496.2111963787802
101.86658722928303 -33.30735797616842 496.56863299818633
102.63777344013641 -33.22264524249168 496.9102463720802
103.4350068499644 -33.13107503881392 497.2400801555975
104.25593437755222 -33.03383324559854 497.556063739402
105.09947626970026 -32.932285407854984 497.8565176284306
105.95576845534117 -32.82886640314936 498.13296812152373
106.82424828936499 -32.72383263166295 498.38759878604037
107.70248649857237 -32.61706402127545 498.6186322709282
108.59212211825864 -32.50803741435533 498.8238485335585
109.48851013525912 -32.398898937139506 499.01052580341957
110.40552266510231 -32.28663386759255 499.1729086644744
111.3293284782115 -32.173248059611296 499.31404536607886
112.26725765978922 -32.05752504900358 499.430317225222
113.21536169396397 -31.941687868749433 499.522394729411
114.16940170049018 -31.825421116313578 499.58742047985277
115.12147383210369 -31.708854772578196 499.6231678896582
116.07027045040546 -31.59087885290171 499.625115024956
117.01897276297103 -31.471393184315588 499.59849697867025
117.97491400009228 -31.348234522046898 499.53978229102574
118.92966887516528 -31.223512442859587 499.45527360671167
119.88157082186203 -31.097461973705347 499.34216383013023
120.82396596184772 -30.971767393872415 499.2030305753411
121.77107549932832 -30.84440806725715 499.0411023400663
122.72166938590462 -30.715828754759464 498.8557490315649
123.67991813763871 -30.58508693987883 498.6412588763364
124.64529049513013 -30.4517339690518 498.3991824997005
125.61514523706293 -30.31545179917019 498.13119486597725
126.58303261884369 -30.176645439343954 497.83492902086306
127.5413324381826 -30.037699042822943 497.519574370062
128.49435290840864 -29.89839028164727 497.17320320787877
129.4458709065667 -29.75880658135584 496.804078766561
130.40964510699428 -29.615983348528772 496.39798721556
131.37730969147717 -29.47074403250803 495.96607087278426
132.3429437964255 -29.32304523595571 495.50106815558325
133.2988955025784 -29.176064009636576 495.0233910829375
134.24806606490918 -29.030465135032514 494.52017309571823
135.17891861881446 -28.88899283501532 494.0013895644229
136.09640511033416 -28.750144465696536 493.46367100947646
137.0011695855794 -28.614230563189718 492.90726380295513
137.89797359352397 -28.48187927162322 492.3320450576709
138.78536413945625 -28.351720170876366 491.73370226246914
139.6720000851727 -28.21928403561852 491.1075331263388
140.5419330252801 -28.08397752295673 490.46119549212403
141.3944233596593 -27.948372227274238 489.79906580223854
142.23494296007468 -27.81262517883296 489.1211324772894
143.07592083627242 -27.675815057368432 488.4267633973763
143.92549140181998 -27.53579064062162 487.7105166891671
144.78057429218168 -27.39466283425965 486.97809810270877
145.6358096068268 -27.25214981997709 486.2376530378186
146.48846500571875 -27.107657613549257 485.495415203722
147.3480774034072 -26.95927989807708 484.7472167165094
148.22032816479205 -26.80765701652188 483.98937172439764
149.10179408704042 -26.653610959243625 483.22684694857634
149.9853863131366 -26.497633160536687 482.46510836717374
150.86964744486488 -26.33883807598925 481.7006241927309
151.7602572661409 -26.17658715164461 480.92711380744737
152.65678045362498 -26.013655523980148 480.1454498415055
153.55776352328792 -25.85217478738858 479.3546889114
154.45036206529244 -25.695319847511996 478.5705111017406
155.33986297496764 -25.539389302844253 477.78755747277137
156.22805868027922 -25.383166505232687 477.0048305767039
157.13164597737713 -25.221718707516786 476.20798162041876
158.05457377186968 -25.052755295301377 475.39543310182734
158.986890354172 -24.878888430973856 474.5741831343138
159.92306350992067 -24.70295986611791 473.7489767072708
160.85232362149821 -24.528109207676483 472.9283759584514
161.77594817348475 -24.354795658540194 472.10915120424016
162.69378699542813 -24.18343856195345 471.29356344321985
163.61580186346853 -24.01347853858308 470.48242061447615
164.53626471286856 -23.842608426875294 469.6751431588411
165.46516013755604 -23.67096126846181 468.86761371847274
166.39569743679394 -23.500901439190798 468.057930368484
167.33365250214658 -23.33397335334711 467.2415371300407
168.28019498808618 -23.16836637593214 466.4167764845908
169.24912080694108 -22.999339911921076 465.5736423744882
170.23260920448902 -22.825446832415413 464.7194689252632
171.22303624294003 -22.646250449595524 463.85812003187755
172.2171340402806 -22.465670414281046 462.9936551160335
173.22172509276547 -22.28412254328884 462.1223238861608
174.2307221319729 -22.101852323252853 461.2469800745753
175.241550339629 -21.918437138494205 460.3675095363872
176.25356747789994 -21.73486623374341 459.48434734024175
177.2668299083968 -21.55213418367932 458.6007003750451
178.28273484915306 -21.368875395332125 457.71556583916004
179.30560685676838 -21.183343136129274 456.82666382204593
180.33517225916935 -20.99529552685379 455.93662867024995
181.35670351574552 -20.807933586677624 455.05834949421234
182.3744123134108 -20.623992907287974 454.19348252656476
183.38905843438954 -20.44263545986203 453.3334998819309
184.41493107279638 -20.259726459356585 452.4654138080119
185.44723288871643 -20.073300132722473 451.5831709312639
186.48917783146615 -19.884631850135353 450.6867579728659
187.53118322512145 -19.69657424206632 449.78568184878725
188.57594104743447 -19.509122332148237 448.8843678629475
189.6265670930146 -19.320914012457372 447.9813658011552
190.68143798530653 -19.132049314533862 447.0814883899005
191.7309802240631 -18.942838971513982 446.18640322013033
192.78059123382903 -18.75482976933326 445.29494943406917
193.82472307202718 -18.56644495993397 444.40125153967375
194.87275204758458 -18.378232254310067 443.5030648858254
195.9183200301279 -18.19133398424517 442.6066082955494
196.9623288554977 -18.00572110708393 441.71477291862357
198.01641389629373 -17.820115052059386 440.8336020545359
199.07361648359432 -17.627698938097357 439.95170364292807
200.12759311241712 -17.43224715600045 439.07797615721046
201.1800840842681 -17.23598203103436 438.197293796198
202.23294060357523 -17.04620102383282 437.3215611340734
203.28312098406064 -16.86136000733708 436.4501961350643
204.3329832346155 -16.678534037081413 435.5811521039675
205.38524626878214 -16.494281999912104 434.7125653857474
206.4366540612368 -16.3063965874886 433.8454497857437
207.48289221604395 -16.116500447181764 432.98335002983225
208.52377611508916 -15.927760605022355 432.12913928257524
209.55135045113286 -15.742332710835797 431.2786250506673
210.56564947168945 -15.563109454243868 430.4339251467227
211.57179101192503 -15.387448404313275 429.5921289152718
212.57317873422457 -15.213001456053156 428.7523038104984
213.572354635212 -15.036822569234955 427.9114394596641
214.5759763275849 -14.858630073359391 427.06931965893597
215.58102702734374 -14.675469210527197 426.2169024859638
216.5815053298414 -14.492760210304986 425.3619873481102
217.57408479643283 -14.312321715242883 424.5029437401524
218.5692980698144 -14.134704569579146 423.63812228005423
219.57114591912412 -13.957592534402206 422.76509313565964
220.57178747167595 -13.779070623224944 421.8858300015925
221.5555001360681 -13.60299395223089 421.0178139479588
222.52537413381455 -13.42891164801888 420.1563932934341
223.47955374976075 -13.256284909585142 419.3028964589422
224.42529303958776 -13.084454531679832 418.4508424522501
225.3564004164488 -12.91432010770839 417.60823729090976
226.27152708244256 -12.74600215932338 416.77896452436494
227.17121264131495 -12.580593088876968 415.9616025037157
228.0619107066039 -12.419196591969097 415.1539436633865
228.93965681189897 -12.261060649628385 414.35426847431916
229.79417515767463 -12.107295175273492 413.5729100726494
230.63180910889835 -11.957692358626387 412.80812079972964
231.46074213195308 -11.810079663325173 412.0535802270733
232.28883840388835 -11.66276594199899 411.3065533170841
233.11380065948208 -11.516591519646044 410.57230098259157
233.93501442372235 -11.37227197748574 409.8577559716622
234.75495019514494 -11.229437444160753 409.16346741866965
235.5749981356869 -11.088996145474617 408.4919655426001
236.39946940099117 -10.947932937055336 407.83880750201405
237.22827159827582 -10.810439469832128 407.2217920404942
238.06576111235162 -10.676143817429564 406.6305215305681
238.8975194863296 -10.543452241366786 406.05356462350596
239.73337849448473 -10.414685443606668 405.5095279735751
240.5730530244204 -10.287604022774843 404.98509326597576
241.4136659642186 -10.162794469809716 404.4839612538238
242.26365320016174 -10.036736477827196 404.0028365148242
243.12283896796245 -9.910542953962196 403.5441987661478
243.99029664247283 -9.78197049286336 403.1071420471063
244.86071869585012 -9.652649991560757 402.6995358988005
245.7362834392294 -9.522497435943425 402.3153675552402
246.61999903363852 -9.393072449105421 401.95426953368985
247.51851155007643 -9.263438627683069 401.6135741613981
248.42575186355188 -9.135189784906359 401.2888134597471
249.34843772203476 -9.008010820308597 400.9865695452821
250.2861974588622 -8.8802976508497 400.7006622733125
251.241612868975 -8.75547273572831 400.44134390665545
252.21251103256174 -8.634843800049591 400.2126503978923
253.18770966420374 -8.518489000365472 400.01305915594855
254.1766863046972 -8.403642494277205 399.8449355743887
255.18512349215996 -8.288075945602777 399.7067557216243
256.2035011619835 -8.171304429358933 399.5970896531165
257.234031872095 -8.05365562750285 399.53013897901866
258.258759613347 -7.935760743096178 399.496256693318
259.2829915315975 -7.816856299885587 399.49162282345736
260.3069070137387 -7.699569014390274 399.52417436830814
261.32765362112883 -7.586311852524549 399.5854057565344
262.3549283861813 -7.476311679691087 399.6811900978892
263.3896837668708 -7.3688647377436 399.8071377955898
264.4415379610462 -7.261836539897103 399.9640779676782
265.4891511307593 -7.1549065758729355 400.1535551104018
266.5416512821784 -7.047125066898745 400.37427819243635
267.58675652809995 -6.943031866490101 400.62881167080167
268.6338544201797 -6.839839388327534 400.9140992856866
269.6784794127856 -6.7424337504116965 401.2331798215478
270.7093975102902 -6.647842696648006 401.5879154970638
271.72576572310925 -6.550145411596948 401.9650393183684
272.7324919544529 -6.4470137394639275 402.36402535849254
273.7320290854105 -6.341354316957401 402.7896101551756
274.737457169946 -6.234090720096367 403.2487415695366
275.7519279604905 -6.124313569949738 403.73765667267764
276.76996356898337 -6.012926806074401 404.25787178071846
277.77725142942217 -5.90244717887165 404.8064504227709
278.78696009038896 -5.790247562066606 405.37664745645935
279.79088512315894 -5.679572079099141 405.96167694200903
280.7937659707259 -5.5694811904924935 406.5599562214698
281.7846066256881 -5.461707937889311 407.16427478533535
282.76724003882816 -5.356055982547428 407.77798343381716
283.7415528957021 -5.255514090368555 408.402721814805
284.7166780704707 -5.1592692867930925 409.0397015534411
285.68730388868903 -5.068218149104865 409.68142992289296
286.65674197111156 -4.97991610533201 410.32781184451466
287.62929474863773 -4.8896777637658735 410.9818522057566
288.6014945729059 -4.797652903359523 411.63789809432427
289.5696351010346 -4.7035100717383855 412.29860352365944
290.5324832637556 -4.606733356555581 412.95924540453046
291.4923149648537 -4.509649116709851 413.6232527248066
292.4409543083601 -4.414869422649526 414.28649277170484
293.3824318528034 -4.3227367693315655 414.94337359472746
294.3225505055793 -4.233009577436463 415.6016161212098
295.255461263754 -4.145849309567938 416.25666459791904
296.17483679268986 -4.060888243871946 416.9008381534668
297.07362095714905 -3.9772992146399115 417.52679087660624
297.96169856439576 -3.8927137361142634 418.1373039086915
298.84338406413497 -3.8065521093123946 418.73303688082717
299.7230074370253 -3.7183618768214637 419.3144035044443
300.59015283759936 -3.6314414533359645 419.87504411325045
301.4435366328893 -3.5470453064394873 420.41347822560823
302.28701573755103 -3.466320652123307 420.9308027344413
303.13321921340616 -3.3868043897907665 421.42617151347656
303.97846110270103 -3.309860399784041 421.90605865520183
304.81492373047075 -3.2357309894295687 422.35916722583346
305.6412158333306 -3.165575824184124 422.7934981428181
306.44834165831435 -3.0998389650452434 423.1959010143609
307.2425473006704 -3.036778514137616 423.5751261274704
308.0203369155018 -2.9773023497021063 423.9269334005989
308.787173004754 -2.9252244168876596 424.2603129596581
309.5366020678623 -2.881543175861865 424.57875190590244
310.2747301297696 -2.841399190306094 424.8795510042482
311.0027240568461 -2.807053854799927 425.1445807906492
311.72443126317955 -2.7802395312386277 425.3904386970513
312.43363673811155 -2.753641014590165 425.5958972131858
313.1372477918522 -2.726237871106646 425.77263821837704
313.85264845494504 -2.6967256232056918 425.90923472962663
314.57120419097066 -2.6682060405893657 426.0238789432484
315.2942697721482 -2.6410965478891755 426.1148959654573
316.02013540247225 -2.6138068594259445 426.1474195618983
316.73086628810273 -2.59213283782486 426.1805182782777
317.4326756963215 -2.5717134118596694 426.15993271631555
318.13471295895005 -2.5537925295985837 426.1248736384092
318.8432652884174 -2.5361273783828135 426.0581675052077
319.5531505339038 -2.513704337111089 425.94508883122745
320.2553086287051 -2.4866985339501984 425.8258895978075
320.9273519232925 -2.4498189740396117 425.6409795613227
321.603904053471 -2.4093123115582333 425.43839156720554
322.26709905542884 -2.3708478252256246 425.2242041732708
322.9167538443433 -2.332885513981861 424.9553907033417
323.5695691569384 -2.294671870905671 424.6731133565956
324.2197075108248 -2.2536354049042213 424.35475386486087
324.8718923587211 -2.214054291857638 424.0376195433349
325.51647980153285 -2.174308362976329 423.70595918653464
326.1467932007314 -2.131547642186371 423.3570143053196
326.76400535015875 -2.0847059837949056 422.99868047511694
327.3785808086872 -2.0351192775366824 422.6297507330684
327.9834580231603 -1.9837598124332676 422.2451649666131
328.5962146253912 -1.932050082064781 421.8463345492606
329.2017544926363 -1.880386407375296 421.43329775461524
329.8005796677371 -1.8289029639878582 421.0102442608241
330.39389561862293 -1.7800422620117573 420.57901173595474
330.96682044012607 -1.7332731894707674 420.1230756496628
331.5336644413051 -1.6869898132657828 419.65676617289574
332.06823319661913 -1.6378192504745215 419.15772415807663
332.5948791340209 -1.5865959659731845 418.6564469139997
333.1102999384049 -1.5351584583703595 418.1390415947975
333.59503322564626 -1.4835346619170293 417.5753428175829
334.07059598876225 -1.433673183444211 416.9989713464463
334.49981019004287 -1.3811202686349526 416.39809964875315
334.91718205387167 -1.3271746002730944 415.80342118339445
335.30049074054716 -1.2707624527205543 415.2048229516095
335.63276306866004 -1.2100999627610927 414.5848855951458
335.94771868168016 -1.1484372081968133 413.9657666333401
336.2176423338492 -1.0843045126269415 413.3201176033746
336.47811242447347 -1.0222987781487973 412.67338063405913
336.71411253969785 -0.9639215722348942 412.0199488512354
336.9214084757079 -0.9092956703181159 411.3607207021433
337.11494198298544 -0.8570979525151071 410.6938570660153
337.2991078999675 -0.806688943130634 410.01049931687163
337.4613144033181 -0.7584743628517909 409.3243359753389
337.6088135059678 -0.7109896244231642 408.637673444095
337.73199857883 -0.6620211927205293 407.95091778110867
337.830359793991 -0.6096079737443244 407.26770109021777
337.9156296546606 -0.5545688096746866 406.58637402237946
337.9645917974784 -0.497141599959583 405.8985151907924
337.99726471997104 -0.44050336673323265 405.2122817073417
338.00479452928016 -0.3847885394847613 404.5250610793143
337.98250504091703 -0.3295918658062946 403.84591694772433
337.9389986954422 -0.2716154456134664 403.16266366685124
337.86681672635575 -0.2121735188651761 402.4737840551218
337.76457159089284 -0.1531542729110229 401.77484489162623
337.66219664940246 -0.09670607052753749 401.08530077746036
337.5219343773984 -0.03686791445799205 400.4101011782897
337.36351894189823 0.02559670099348583 399.7444384287924
337.1785690141529 0.08915650316112267 399.0813040366113
336.96287087613393 0.15283678838644144 398.4074697305653
336.72775050062467 0.2166618558416407 397.7352156534882
336.46250082577836 0.2815952760732693 397.05629951463584
336.1800651930285 0.34838101885834827 396.36774563688317
335.87581470203037 0.41903151202815797 395.6657872874599
335.54616537536015 0.4910521362387088 394.9553583775267
335.2041066314443 0.5596701988087361 394.24792231156067
334.8431660413436 0.6262513793989514 393.53251463950477
334.46288455176995 0.6900470233868344 392.80611275715114
334.0712384470283 0.75079130579878 392.0688206259123
333.6663117383449 0.8110718432265733 391.33091793027944
333.2400065786753 0.8748267465051339 390.5804775560498
332.7982306034401 0.9429035508344598 389.82240176455457
332.34536575268277 1.0153357254145565 389.0558141510652
331.8874019979011 1.0893111159333462 388.2826982572003
331.4237177100501 1.1661660352745997 387.5071017227787
330.9474401980593 1.2448453167459008 386.71740408905606
330.4627426772191 1.3231021268937226 385.9144805554553
329.9728640981636 1.401821544479835 385.09611718157794
329.4830106457754 1.4823504358577033 384.2734526274159
328.98809174095715 1.5666693401803222 383.4464174334242
328.4901085788222 1.6554042643952944 382.619974428828
327.99051082514376 1.7453562409076955 381.7851022108434
327.4845830866163 1.8349692138471283 380.94539824309584
326.9697005885175 1.9221422862454447 380.0982306631531
326.45252723214105 2.006046080729511 379.2483506577504
325.9330547668587 2.0883880617350288 378.3921503882952
325.4086649179138 2.1714819733223543 377.53319858496076
324.8818520982576 2.2541343018779183 376.6730715848817
324.35416944885526 2.3349726596589733 375.81265456991486
323.821279137072 2.414470488656193 374.94649956159503
323.2832895775416 2.493817159448981 374.0706338128288
322.7396726481948 2.5756325435940663 373.1891278906354
322.19440561874535 2.6594981111949796 372.3045877013086
321.6508360576013 2.7431847679889523 371.4245681948148
321.1014607146139 2.8280337196916028 370.55344181187405
320.555063269181 2.909990008416132 369.6857496605427
320.0024560334541 2.990087588664771 368.8151215294277
319.459439268349 3.067618759839459 367.9489581424322
318.92648670397637 3.143430184603377 367.08878231925763
318.4020113133324 3.218185264986879 366.2319122967347
317.8809914090963 3.2936091904761313 365.3684038530628
317.35649121203414 3.36931817668789 364.4978890206223
316.84272186323255 3.440331541123761 363.62848925348516
316.33444374463164 3.5053863141981716 362.7601982650792
315.82930662994704 3.565187529585713 361.8896448603496
315.3303483225254 3.619501517600839 361.00674539032525
314.8363973794425 3.6717163964224544 360.1102375925757
314.34751812507676 3.7241918454238325 359.2099806822151
313.8699789977115 3.7785381754815903 358.3049628923091
313.4026184486949 3.8352300076000296 357.40138210063475
312.9474621187337 3.894309682574139 356.49399438723265
312.51098232631045 3.9557986631105413 355.58653089380647
312.09015125841563 4.019034342296081 354.67654803062896
311.6892027782922 4.08254678275051 353.76483886414246
311.29700344584546 4.144208972138934 352.84244733257304
310.9156887623258 4.202730410604345 351.9188274788223
310.54628160668426 4.259584791873556 350.9945094761317
310.1942522517276 4.316611096594289 350.06290471888025
309.85400923352 4.375603131022131 349.1237673642636
309.5329562064039 4.435727363230153 348.1763463985378
309.22607537879276 4.497073289056286 347.22209869272194
308.93377837563213 4.560556268230384 346.26473215249365
308.65228772644554 4.62671616849114 345.31089436715126
308.3891257835625 4.6952887175049 344.36137811058387
308.1407710015363 4.767209647597 343.4135649012107
307.9021998756528 4.843954210757472 342.4657052285422
307.6771476105191 4.925717763956121 341.516703576544
307.4712091199272 5.008087554909991 340.5669364292961
307.2767257107005 5.088528417172234 339.62559611939866
307.09480142077297 5.1654574636808634 338.6909021150754
306.92623456850015 5.241585449830269 337.76154369307625
306.7683088024389 5.3199537704789 336.82576723938536
306.62095616976666 5.40145273092021 335.8831318060541
306.4834039184961 5.484090489098276 334.91939551044436
306.356471178328 5.566776448145462 333.94425391223234
306.2386835791318 5.646977713507291 332.9615206998138
306.13180553458096 5.7235347825884535 331.97794222963006
306.0349534804646 5.7965285987082735 330.99749516560735
305.94676553308545 5.867162824912864 330.0226001598452
305.86468167273233 5.9388111181833265 329.04551127330296
305.79197634674557 6.0110884798844 328.061326919714
305.7316445840034 6.082043944036771 327.0769110689016
305.6770945034831 6.152680412270685 326.10932667708306
305.6289639524116 6.222973865147701 325.15601036941115
305.5922372692352 6.292987912020736 324.2105643350657
305.56279300894704 6.362527716396519 323.2617613500145
305.5386564314413 6.433803658858213 322.31193575509906
305.51897768764945 6.507851885066898 321.35057094759935
305.50531080356836 6.5849210832225 320.3840667608484
305.4979975775796 6.6644756957691795 319.42369916784287
305.49684274898306 6.745696966372796 318.4849770051041
305.4998509748298 6.827064413398919 317.5734682874865
305.5080582197037 6.90705193555969 316.67738265680754
305.5194367158475 6.985219196387266 315.7859093631627
305.53492512250926 7.060626540039907 314.89177561927363
305.5592624687693 7.130460205399778 314.00311938997595
305.58845096632103 7.193647571461052 313.12763120266777
305.62748466956043 7.247795303511662 312.2743127885985
305.6720282251905 7.295145802459322 311.4469678936542
305.7181996475161 7.340745118648716 310.64069214939485
305.76340033605885 7.383282498164628 309.8604017929967
305.81047697473656 7.418197158708731 309.0969908563486
305.8580601693534 7.443383769037691 308.357687287912
305.9056997687387 7.4607117953968904 307.64307171290494
305.95092022729295 7.474873086641191 306.9546966715606
305.98669332552606 7.490543543847359 306.2832561414687
306.0128635319763 7.507607482621189 305.6164552339452
306.0296715839248 7.524725635713415 304.9479130073793
306.0405638565011 7.542633938120537 304.27907122181836
306.048048203647 7.563189216031097 303.6166422875593
306.03991415803233 7.586570574974584 302.9708205251812
306.01405453745303 7.612529320414274 302.3348894728041
305.96553875777204 7.637500082476621 301.69788910729596
305.8981216008198 7.6614259195836 301.05997718461083
305.8188788809322 7.685559690503465 300.4323194983917
305.6954367743567 7.7135779834688805 299.8146993981492
305.5678594226066 7.744597182137716 299.2117570908162
305.3919275085841 7.780837583566026 298.6307031720676
305.2062528408938 7.820414463706889 298.054247470043
304.99325583635255 7.864770133295724 297.4768278607
304.7383639913658 7.913865168397119 296.9063659799935
304.4805509997448 7.965324889893727 296.35054474699194
304.1780898102662 8.022205702599399 295.8166651248506
303.8525086256206 8.082056597742763 295.28038450250455
303.4979510216661 8.14447110462459 294.7515342865238
303.1089185782229 8.210757204416678 294.23695955669183
302.7120922544105 8.276912297728149 293.74631590785674
302.2876850500134 8.34239054596738 293.2824820246947
301.846377246401 8.40693900247703 292.83698406866785
301.3840628401389 8.470280766153614 292.40686581603507
300.9024715079356 8.532284521408283 291.99355408032176
300.4106352511357 8.591729883232835 291.60016312693057
299.90301715359436 8.651871785536674 291.2195497690701
299.3769336801713 8.715172076722988 290.84773029355046
298.8076326057315 8.782327422213507 290.4686551845707
298.2003577715549 8.850359069377694 290.0837074941671
297.57143283319846 8.916415687282239 289.6944481914813
296.93279128864185 8.979395708508296 289.3076749579667
296.2834131960399 9.041540952529786 288.92525986493
295.6178835281107 9.104481705078157 288.5433756814182
294.9402452443099 9.168086842494287 288.1639439522948
294.24137492467787 9.232122271310653 287.78225657105895
293.518870899283 9.296468746417842 287.3954701870905
292.77900514480143 9.362612909203824 287.0026129100317
292.03027071320673 9.432168195255919 286.60724848571925
291.26316909453845 9.505712843139003 286.1952091752039
290.4725146902917 9.58468806155565 285.75832148297934
289.6687992698276 9.668970701310014 285.310398906827
288.8638233951882 9.755508543859488 284.85940777973275
288.0580562062071 9.840993598988986 284.4142239309947
287.24804703818 9.92421539056442 283.96607915924363
286.42410328241414 10.008007816895228 283.50897439426063
285.5808921493992 10.094691616686987 283.0447026003514
284.71990120190605 10.180139672763797 282.5647088716226
283.84542981868634 10.261158948287955 282.0711812177117
282.9688526509874 10.338291174834238 281.5748717247404
282.0897351881854 10.41364529620351 281.07432868703273
281.20679195233174 10.487328994208811 280.5648478530577
280.32116678307045 10.558467093331648 280.04938113695664
279.437077436742 10.62706820452014 279.53353103275913
278.55374900348505 10.691268212296754 279.0115211705608
277.65876826879907 10.751628698177605 278.4818529334175
276.7442447150369 10.809850380815465 277.933740374578
275.8193360301884 10.868616208144429 277.3750342086201
274.8904836226497 10.928780968220934 276.80559214085673
273.9573925462532 10.990890884324275 276.226050443618
273.0261449119193 11.054095673255649 275.6393288774526
272.10451674503474 11.119719064920726 275.0520053332303
271.19178762645555 11.187679245432626 274.4624967548577
270.27830064645366 11.25791622448045 273.86701210614996
269.3677719031218 11.328092629125306 273.2582934367652
268.4732968709984 11.397011205817977 272.6416615284706
267.59210319625834 11.462756254679523 272.0144195781087
266.73102882466196 11.522169384656278 271.37494711069775
265.8811977823738 11.577242392920818 270.714997660303
265.04382736572046 11.63180707295011 270.0384592409548
264.2233859696057 11.685484476865902 269.3507919336588
263.4208998642379 11.736699167897227 268.65820466328995
262.6253659018589 11.785313827130036 267.95010477415525
261.8435048917187 11.832519627936284 267.2304499869062
261.06758992126026 11.881986119771287 266.50267177489917
260.2871884777391 11.933722406945634 265.7565935169459
259.5208273239542 11.98237998305673 264.99913636236255
258.76172842194416 12.031141298822918 264.23235534084165
258.0143391881585 12.081209893077707 263.46035156122247
257.27481618427754 12.134012966564086 262.6823840992991
256.5447953117204 12.189971951893009 261.8983557964518
255.8109148570393 12.2501627467687 261.0969097350074
255.07143421217012 12.31294329077919 260.2773942836915
254.32742273758345 12.37729967412748 259.4429511060871
253.586595481049 12.441327078470502 258.603347875125
252.84861264534985 12.502412870472389 257.75503708044056
252.11312255140004 12.563265607526223 256.907223403218
251.37548547740056 12.627285484031542 256.05566148215826
250.63608486461973 12.691670831993456 255.2026706835335
249.89378759165098 12.755903242097235 254.34783214350713
249.14792986433122 12.821034805618666 253.4903372574772
248.39967164287987 12.888101823010118 252.62639088270876
247.64756291179154 12.958323868273963 251.75689883409007
246.90079974635034 13.028308131150583 250.88853115118633
246.1534341809176 13.097065887754187 250.0088356123528
245.40175854256557 13.163542987406787 249.1144234920065
244.64212614711468 13.231769160403463 248.20360733783377
243.88096507777053 13.307707746575534 247.2930711134551
243.1169763352741 13.394351379425526 246.39023230111133
242.34751454180468 13.487494634432753 245.48563470170703
241.56889121798423 13.581748284600131 244.57529222355447
240.78359263038809 13.672160132316767 243.65529970763833
239.99249340984903 13.75666831401918 242.7281818247944
239.20453514137347 13.837823919454829 241.80124603134988
238.4230290428003 13.920488154621385 240.88033059034223
237.63705534680693 14.006677674704836 239.96027850244
236.83591821836052 14.09806246076966 239.03544522883612
236.0200825034062 14.193282945824336 238.09867321423783
235.19384013302087 14.289216359547332 237.16787213634768
234.36781005912968 14.378825338740864 236.25102308093204
233.5317134897239 14.464578480233175 235.3339747879714
232.68183867853412 14.549016415929062 234.4201535831376
231.82589432886107 14.636210648272877 233.51762635413746
230.96293903669024 14.72844086994412 232.62521140906964
230.08425184571018 14.821156098781012 231.73185186760972
229.19141782666748 14.90908845484591 230.8326038252455
228.30719139245105 14.989989375054616 229.94583091519246
227.42278430115812 15.071214162648166 229.0693367754625
226.53423477567372 15.159644993689767 228.19968713379924
225.637734506158 15.257511532923216 227.3330330259321
224.71990739888747 15.358395627902041 226.45833711036167
223.7971679657209 15.45371722042746 225.5800027201415
222.86781650837088 15.544036306796949 224.69758480237243
221.94275364698422 15.629252752909828 223.8059330650909
221.02188929444114 15.7199505982353 222.92697274047546
220.09609359381506 15.816298722699422 222.04480139236676
219.1617541947006 15.917471122657455 221.16524517161005
218.22284861293167 16.015783344778633 220.2840190894037
217.28095984697597 16.11106166283066 219.4029418692405
216.33997042926688 16.204593024581243 218.5190261180726
215.39620465511322 16.300791310093295 217.62816015520986
214.45857079148607 16.39995590121823 216.73730344491074
213.52272041413295 16.501895375280306 215.848022103232
212.58309327475908 16.60673131970779 214.9614764949397
211.63369910084236 16.71410434576992 214.0691621029523
210.6788417393449 16.82401265687506 213.17422292225908
209.7149665626455 16.933915121123427 212.2724911267884
208.74224501597013 17.04168403432424 211.357726210658
207.76917617907148 17.145811242719034 210.44080535555648
206.7937959504616 17.248689246205767 209.52404537587603
205.81552643123956 17.351024048191324 208.60741691527883
204.83175090547556 17.452160274392853 207.6854294875032
203.85222003568012 17.547938524582992 206.7647834032233
202.87835524444355 17.639443615467282 205.84585733339603
201.9037792321815 17.730959141714443 204.922894831242
200.91622280034878 17.82515074108601 203.99166301020216
199.9117126980991 17.9227382934736 203.05027022820255
198.8943305057252 18.0221647245882 202.10272492553491
197.8674734026823 18.125107897697323 201.15052548886862
196.83718419348003 18.231136356405298 200.1958789658801
195.80604960629663 18.341963651890527 199.24154715980336
194.7745376160267 18.458939582018985 198.2883564809323
193.72892939306752 18.58257709407288 197.3245775862411
192.6758586074435 18.712590756146433 196.35708342872888
191.61633125559166 18.843127798842435 195.38647791542334
190.5616760000789 18.96830368225492 194.4236498906041
189.5150012528876 19.087963617457497 193.4724940085049
188.46712122880004 19.20802880483884 192.51875431336518
187.41273307352117 19.330779645161048 191.56151375676393
186.348814152939 19.454650015866136 190.5996101858343
185.275045848773 19.579291282920217 189.63286953188194
184.1986303043123 19.7053373358219 188.67208056643034
183.11860597214522 19.83046328777597 187.71165538567126
182.03730231002382 19.95328612071651 186.74949045706464
180.94980589654958 20.07314654082991 185.78011382746357
179.86325968780326 20.189850840625827 184.81157754038108
178.77776388319603 20.305014901767628 183.8470036807564
177.6879558602888 20.419977987348624 182.88101442626677
176.59951112276588 20.535836642150752 181.91582008742486
175.51395338418428 20.65283581666806 180.95220001663944
174.4350554524549 20.769394323511463 179.9921644085783
173.35917901011175 20.887038849809002 179.0343155440856
172.28803976934648 21.005546223581575 178.08113796376924
171.21172575706527 21.123766935357256 177.1263859410888
170.13115727591287 21.235617098603136 176.16688713310506
169.04337796133842 21.341317828461506 175.1938886656886
167.9490272350223 21.449266573224858 174.21528774715955
166.85691925332154 21.558987250770688 173.2351363058822
165.76915754264468 21.670545414595377 172.25568114611605
164.6881132416809 21.783900279412073 171.27820723125242
163.61222228775725 21.898665677414687 170.30331394119025
162.54750049978782 22.00998413666729 169.33285536657263
161.48606282311488 22.115726478299255 168.35702760687207
160.42737317590127 22.22071137297364 167.37893716162958
159.3674603149722 22.330130617662814 166.39430633765986
158.30936726110411 22.448020845087555 165.40743861691305
157.24934691471805 22.57019373023309 164.41338288280576
156.19747563440498 22.692133789115616 163.42342150171908
155.1563262745375 22.812054790641405 162.4366152608765
154.13016549908022 22.929369264707184 161.45102184655374
153.11403026785698 23.04648337602108 160.4655977791994
152.09682849753145 23.162376735781546 159.46861231581758
151.08407295665495 23.276578438830967 158.46391875110652
150.07619092172868 23.390023440768694 157.45049531846922
149.08079584577624 23.497931523707837 156.42544847672335
148.08223156001992 23.601353290726074 155.3839270988497
147.0985374644579 23.7020179790021 154.34211022661515
146.12377462823238 23.80366359453844 153.29657566809544
145.15686363287085 23.907560080992976 152.24692326293498
144.19896923615426 24.00943611443844 151.19159280892106
143.2447340805493 24.113991417795464 150.13205841224465
142.28884981410104 24.21847777691795 149.0641082547494
141.3375536603757 24.32195951154665 147.9897805041866
140.38784342413987 24.426843500230984 146.9095097274672
139.44597599626485 24.528195512581377 145.82991831694608
138.51092908419972 24.625379899307283 144.75004409564482
137.5788492666066 24.71894373677452 143.66225217413592
136.64451854738525 24.80997877073797 142.55890639206785
135.7176818216346 24.89902165884638 141.45024895865217
134.8090244251082 24.986216976491143 140.35245566819543
133.9192552129846 25.07043964065293 139.26462008415666
133.03761773495756 25.152291130889605 138.18068206829793
132.15942562300654 25.233759607399758 137.09371622400278
131.2818412177772 25.318507323971474 136.0075207768013
130.40820573767294 25.4087250956471 134.92608951981347
129.53462156658645 25.50272714816085 133.84365954380695
128.65762696855475 25.595823707505122 132.74576542989834
127.78293860874543 25.68596446518382 131.63448128146177
126.91016898343618 25.779231749135494 130.51817445766622
126.0435068423867 25.87976638397226 129.41614555874105
125.1840722868636 25.980658976612407 128.32299287080906
124.31768666318038 26.080968416653636 127.22160635893088
123.44749052141707 26.181934669969117 126.1123977583478
122.57288597974566 26.282762013685502 124.99250646174029
121.69620794459793 26.38325848471243 123.86911604790079
120.8190739976276 26.480576091961893 122.73800878055535
119.94311492626593 26.57754911588581 121.60532541224663
119.06837131970858 26.675170624820186 120.47076287647405
118.2002927683281 26.76973494794473 119.33560373953273
117.33511374364612 26.86204162997977 118.2001700942072
116.47355663682168 26.9500480550235 117.06020592008944
115.62082880155575 27.036776698252385 115.92532760850581
114.77583965350826 27.12191801541693 114.79394723513045
113.93752107301191 27.20639794899994 113.66995346094606
113.08624177995597 27.295226257399943 112.53531486509344
112.22766722576775 27.38402033127275 111.3906724414812
111.36342371065675 27.47093602610188 110.24569348222468
110.49835267732016 27.551867539689315 109.10218682440718
109.62891849698897 27.626717537625822 107.96038992772704
108.75531689714587 27.70133689000841 106.82247385369465
107.88087563360061 27.77996507189242 105.70004421290368
107.00488396343773 27.859696040067107 104.59393630042123
106.1280093077165 27.940855235223573 103.5025700806143
105.2502505973359 28.023523150043662 102.42401376879651
104.36837573133832 28.108431538381378 101.35863180408136
103.47499963993273 28.196282607524996 100.29967671936056
102.56903463313682 28.289035604603576 99.24576010856582
101.64289679743936 28.389494194803014 98.19538134054254
100.70582090448863 28.496284263566256 97.1566443926413
99.75866637510343 28.60898646693377 96.13164516690323
98.7989699351889 28.72368995567964 95.11560812358834
97.82877154620988 28.83790133023823 94.10923972608725
96.84330531882027 28.950367454631603 93.1034972286687
95.83833690835856 29.066941521336933 92.10299163070249
94.82256899309148 29.18912187878942 91.10802677075985
93.79779923463138 29.316729816736903 90.12681590289267
92.77193390632536 29.446614175848154 89.16379855772271
91.73655169995709 29.574076555444762 88.21545159397735
90.69404100598852 29.69671525211203 87.28224220882551
89.65146963301294 29.811648842635147 86.36138971556477
88.60906344025554 29.922736372072528 85.45643294604535
87.5631381818514 30.03619212167793 84.57309684739333
86.51597844405468 30.14567848976579 83.67780536328623
85.46335549474215 30.258758434097942 82.79617902072195
84.39751079051454 30.37008095161733 81.9103058962619
83.3406432919105 30.477540468192203 81.026386559254
82.26904467433936 30.591364658953058 80.15289936125352
81.19300533218349 30.70600925021621 79.2787621332516
80.10573703183417 30.824376549025747 78.40489191174615
79.01784632438373 30.938809550317668 77.5345234600499
77.92927733780529 31.050317015537708 76.66984702082091
76.81909094465804 31.163563475487546 75.79856165499669
75.6884440969592 31.280439167069215 74.92157089308436
74.55083176193693 31.402539857503722 74.05700881608271
73.41222557298063 31.524917730889527 73.20475813868356
72.27510818198648 31.64291358557224 72.36581201654353
71.13958018437692 31.756967696669577 71.53960870310875
69.99424346142742 31.870958980839116 70.7116342838331
68.84114468379396 31.98854288544136 69.88572494858737
67.68646535737972 32.10876830966944 69.05642705432525
66.53399333892929 32.23155185918198 68.23157306310273
65.39380410745018 32.35377421981118 67.41418999893422
64.26257119665986 32.474258723400816 66.6019149052138
63.133707853438075 32.595592635428645 65.78665767907245
61.99121420301127 32.724282422080314 64.95866331662162
60.84610235856628 32.85456440747019 64.12231063221412
59.69747025806387 32.98393987113796 63.28943145035105
58.545814739457605 33.10593539632795 62.457464660727325
57.39704705646052 33.224009940442414 61.63002330721147
56.23549864236131 33.34481183908273 60.79652437891491
55.06785889381536 33.4664297625051 59.955939691521294
53.89396072716212 33.58815613911113 59.10538568177352
52.72402466222259 33.71018609711625 58.25975736812032
51.54593165937713 33.83248191047315 57.41034697735286
50.36962897560053 33.95406852617137 56.562493467698204
49.18813865536587 34.077779695419906 55.71098610788448
48.00637596988394 34.20211345008387 54.860404162825965
46.81926063962075 34.32655334649222 54.00834598278114
45.63475369096948 34.45085179169056 53.159571998973426
44.45072879696239 34.57404207741617 52.314348019911286
43.263484873952095 34.69603848096057 51.46978540813195
42.07132464578961 34.81917201678888 50.62692279646012
40.88292040820935 34.9424999589574 49.788362579593894
39.69622571242384 35.06686889838599 48.95216993538425
38.50839032674413 35.19229403659641 48.11748182264451
37.31309448183394 35.32180577177964 47.283021974287436
36.11176361846574 35.45539204817525 46.44968990379973
34.904726873280644 35.590443213391865 45.61537127005316
33.693866287448564 35.72492209062511 44.78068145866975
32.48158212079532 35.857576811485345 43.9438879269833
31.265771984957578 35.99026820922806 43.10149620886157
30.040301787939914 36.12299642110561 42.24908014509395
28.81032708965577 36.25496742788923 41.39085448290682
27.584800753025206 36.389702352935856 40.538274746737876
26.36163919265025 36.52974564605537 39.69502632094619
25.14510405706751 36.668719516263536 38.85785144704456
23.926788006961473 36.80108578421773 38.01771588560022
22.696275035180932 36.92587589079192 37.16416752373419
21.46701517541209 37.05161353430055 36.30956172556126
20.246938311252713 37.18404685338215 35.46579471224128
19.038227396501483 37.31839851168761 34.63601294975674
17.828188817475056 37.45018911538161 33.804471300321914
16.607237464973686 37.58316815588295 32.96571432246872
15.382529000476984 37.71936015242951 32.124832281515914
14.163533789311007 37.85642966700035 31.286873051200438
12.952301035820023 37.990357154315824 30.449973307029836
11.742868799833863 38.12042038776944 29.61039617223557
10.542878510927759 38.247581424734854 28.774049296772013
9.350038137599844 38.37818122383444 27.938054733674296
8.15532050300472 38.51375443173169 27.0961761284643
6.952017627696061 38.65582623791647 26.249377882468355
5.746255265299323 38.80304013966591 25.40269374551317
4.541710517102529 38.951237766350665 24.553882366116195
3.3328080800885385 39.098783651626746 23.700252637283775
2.123406024079495 39.242715713465415 22.84490267969937
0.923737369943245 39.3809151344563 21.994167608482773
-0.26859964504537426 39.516040562429644 21.148738627273282
-1.453673620208774 39.64904147326035 20.30732815477783
-2.629480083417329 39.78105336197791 19.464666400635913
-3.8107276412035707 39.916318106858576 18.622571387737715
-4.988394534255654 40.04920797859701 17.769644259903078
-6.171616141363627 40.182833763278566 16.917344440982035
-7.3480318982498165 40.3104047092491 16.062713257268978
-8.522274705503563 40.43769433881257 15.21054689448982
-9.694955855478531 40.56789652553002 14.368481501071752
-10.859025433431563 40.70015429951238 13.535568186550252
-12.023004188023965 40.8348037735952 12.709163865612108
-13.186362112060719 40.96691085264609 11.872472408945086
-14.355476106707624 41.101538741781205 11.02942959603862
-15.532602111724822 41.238494300167126 10.182595885904055
-16.717267683109913 41.3755880143204 9.334734694761718
-17.901041330916502 41.50984810645102 8.48963285401677
-19.08416447080454 41.64318473452066 7.645433469993577
-20.26036122549545 41.77417351977428 6.7954879620435715
-21.431806378943097 41.90487477359057 5.9462252063005625
-22.595215393881574 42.03166057685604 5.091788431723584
-23.754984803980904 42.15717440651194 4.238610769891554
-24.915551878752932 42.28171887117069 3.3810932531261995
-26.083663781763782 42.4086326901941 2.519352620235213
-27.250964671966376 42.536657993618725 1.6533293115837324
-28.41023189224515 42.663342954416535 0.7935640322609614
-29.55941586509381 42.78516146271027 -0.06165900019927917
-30.70681709976257 42.90130297950926 -0.9203907749354936
-31.858420814802724 43.012257371035865 -1.785986253464955
-33.01517262914294 43.120654311103266 -2.6581543272809283
-34.17148573543468 43.22595651134697 -3.53235704332457
-35.327028504867016 43.3273943166259 -4.409987618315058
-36.47640883239907 43.421261834106495 -5.286130583378309
-37.62179837696608 43.50853953253185 -6.16261486173736
-38.7656408652294 43.59603052222787 -7.0377359552448295
-39.908340223567336 43.69140078942372 -7.907406829361877
-41.05592885693125 43.79619625693108 -8.772292651359418
-42.19364659884869 43.90319970641721 -9.627395343657788
-43.31286155454376 44.000487414798116 -10.465334145987882
-44.4169564210164 44.08783071121543 -11.285938757971387
-45.51536361083843 44.16820203404403 -12.1014437621664
-46.60364820471447 44.246435149646906 -12.914500880165702
-47.6763050062965 44.320532887610575 -13.73177456936013
-48.73714904504701 44.39020189742718 -14.555982209548826
-49.785654338851195 44.45677529301979 -15.384112707766302
-50.81735341665288 44.52320940640708 -16.206642058685006
-51.84507326110962 44.59209159445031 -17.02401992138216
-52.867068672521604 44.658641609844814 -17.832727523533595
-53.872347066928036 44.72018889556677 -18.634676333504586
-54.84556557701691 44.77759241038669 -19.427551136617602
-55.7884855145432 44.832486289651904 -20.215778566541257
-56.71029994888509 44.88624950409048 -20.992759435840167
-57.62703977478905 44.93724575154162 -21.762426289935565
-58.536988811469065 44.98575489321881 -22.520528306114006
-59.430122319723445 45.031296752129954 -23.257753826350122
-60.29921335586148 45.073001352732284 -23.984161584590137
-61.14243869795252 45.106957791632276 -24.699710679547533
-61.96564055367602 45.13038165733737 -25.40121542470302
-62.7548357419698 45.14926573777109 -26.06456748772201
-63.5208722307215 45.16726265449077 -26.699794690566833
-64.26290908489868 45.18600690326434 -27.29505042285389
-64.9861898351491 45.211427077303355 -27.852589681583364
-65.67439037968575 45.24319906428267 -28.365448471666532
-66.34261756273894 45.2781573831597 -28.827560471243057
-66.99869071050598 45.3136043474133 -29.255683368418975
-67.64448996493854 45.34756031376637 -29.656639189724594
-68.27151798703918 45.381519243389455 -30.016156158507393
-68.88784270081383 45.41697523072595 -30.327645315238183
-69.49376131641054 45.45116384703676 -30.595250316815118
-70.09176486630396 45.48074339178231 -30.837725162975648
-70.67584990075999 45.50541191729408 -31.04512077178075
-71.25470081522126 45.52825732264761 -31.2186564658957
-71.82918246686172 45.55212289492661 -31.35611492571489
-72.40444622008567 45.57811728518035 -31.46013604972507
-72.97364688483556 45.60504870620056 -31.533087118950704
-73.53715415035742 45.631239545906645 -31.573432389391698
-74.09670699387051 45.65700579061575 -31.581994922591143
-74.6501030044052 45.68386031273881 -31.554409927468825
-75.20420017378666 45.712675465739125 -31.485335065833127
-75.74798046420854 45.74609533921153 -31.378198043126698
-76.26350199385779 45.78284910690651 -31.263670782904573
-76.75397746943393 45.820991309713754 -31.12114642337087
-77.22505043659906 45.85883736484826 -30.94635919680943
-77.69004504977909 45.89905266322478 -30.751951173676495
-78.13600443637442 45.93931821569792 -30.52086798565312
-78.5683813562408 45.97939757903901 -30.270316256629794
-78.98437302291903 46.018534482479225 -29.997886815262692
-79.39562538074743 46.05920337810435 -29.706442252186918
-79.79666182465965 46.10177065727028 -29.382324010719522
-80.17943335735912 46.144756672208196 -29.02900686770372
-80.5463041465277 46.18721506907404 -28.650394428261208
-80.88722262919954 46.22915759881459 -28.251665493646506
-81.20744966233104 46.2718453429476 -27.835319284563695
-81.50698655020346 46.31729976100556 -27.403968036240737
-81.79015679083129 46.366367296989566 -26.951201889413422
-82.0575384155015 46.416981780218784 -26.480741223986715
-82.30450527348742 46.46487914126985 -25.986382118742682
-82.52547376610839 46.50536218052935 -25.473055234666784
-82.72442945941822 46.539217803600806 -24.936667708870875
-82.90614998551203 46.56966729709969 -24.38483113514055
-83.06560383867797 46.59674894991327 -23.808726958169512
-83.20372050837183 46.620819887169034 -23.215803561450816
-83.31733675683749 46.64107236481418 -22.61248541828756
-83.41158450017973 46.65679366164475 -22.001715303194448
-83.48252443270695 46.664622235407 -21.37554325041161
-83.53767063046772 46.66441965821194 -20.729136216711858
-83.57394683879006 46.65492287157991 -20.067942216234595
-83.59864820898727 46.638288214173336 -19.395599599865662
-83.6110380409957 46.61490404036712 -18.708640776301728
-83.60356513982532 46.5874698845478 -18.011636204680617
-83.58839508778858 46.56003876678727 -17.299167571477508
-83.56553489280569 46.535424703326356 -16.571269366401452
-83.53984571222627 46.51381776248427 -15.82689153328562
-83.50812157305408 46.49461483907086 -15.070515669778178
-83.47241566303055 46.475024773325025 -14.307920750753818
-83.441166510594 46.454892798211695 -13.536237684951548
-83.41253312369824 46.43587873596883 -12.757648454460389
-83.37587937357645 46.41835416311089 -11.968395413096237
-83.33295602019517 46.40042275507145 -11.167479063030575
-83.28584476588549 46.381820897281244 -10.357975139927083
-83.24229025933761 46.362658926794566 -9.541626246586695
-83.19496333519353 46.34480356099032 -8.721841387185032
-83.1431955341915 46.32893707585744 -7.889088829764273
-83.08931087669816 46.31463478993862 -7.033705187802272
-83.03273932849359 46.300467870712275 -6.166045834846218
-82.97451424074795 46.284871142998014 -5.3011616373582555
-82.91396054608317 46.26473134642394 -4.443424914496994
-82.85154729556331 46.240262182724685 -3.5926545681027173
-82.7828209453054 46.2143877708618 -2.7473584801174935
-82.71172178336714 46.19102318131678 -1.9097529720179813
-82.64155100781039 46.17158069925145 -1.0837013560414124
-82.57207800885811 46.15759848776295 -0.27315108996436477
-82.50544547217216 46.14805384692694 0.5215815728183246
-82.44192787600826 46.14428485377476 1.303119604398797
-82.38095076215555 46.1453416375205 2.0770134368768955
-82.32637917860116 46.150805204738745 2.8460110993204495
-82.28384531141783 46.160750421744204 3.61477813761987
-82.25074846390154 46.173845678565286 4.3822779923178
-82.21945111188006 46.1866137126184 5.144382480470117
-82.18693545250653 46.19529481410669 5.895922617365791
-82.15742984765912 46.2013386287689 6.632786534013317
-82.13535810390434 46.20851275644224 7.352429802597734
-82.12157110520765 46.22120486331731 8.058580108673985
-82.11107927780736 46.238335022654354 8.765786331705346
-82.09766408741443 46.25369737120227 9.47407862305458
-82.08721969508859 46.26597567275503 10.173500837651108
-82.09044419573738 46.28116997024225 10.863949406892194
-82.0985387018428 46.30673861505562 11.556086862876397
-82.11675802598556 46.339441831426804 12.271417078793482
-82.14139113387725 46.365591128613765 12.998997400999908
-82.17349071302326 46.38512450625758 13.730953319910373
-82.21450525986045 46.40323636659186 14.456065335507702
-82.26515027270882 46.421544378575355 15.183106533681745
-82.32439942708987 46.44360015341386 15.920933511968252
-82.39236111894745 46.46679988288757 16.66224137002981
-82.45596357476707 46.48837547114171 17.39425750762149
