0.0116492204909935 -0.019582851228818296 1.0192158530950546
0.04634932351306982 -0.039813935417663954 2.0528162122965234
0.10351351783812734 -0.05961337093534765 3.1020682826435118
0.19008177161986686 -0.07759737686789751 4.17325331318358
0.30030468641660446 -0.09149471684400434 5.236440616871045
0.4240931181006749 -0.09975902309004454 6.253495172379214
0.5569329757040408 -0.10175575938076284 7.20314041216701
0.6955180565501649 -0.09675919470531362 8.084540706200535
0.8367278546687403 -0.08386728277032192 8.89650666612735
0.9776574493346647 -0.06301680804602339 9.65071550220646
1.1221030789269333 -0.03707020981248635 10.355968827294987
1.2742065755662597 -0.005014361027580391 11.025381716368312
1.4335532814944731 0.0315593879999583 11.650485127040918
1.6177643789325706 0.07197128882783431 12.230136092501382
1.7985902915473373 0.11299953953879446 12.761089756407975
2.0057646940513387 0.156163326112321 13.248734159806181
2.220084948564096 0.2001071188581573 13.710679806000492
2.4677360006453495 0.24567302153285447 14.15029185406455
2.725603434962267 0.292904297274894 14.571377241772234
3.005248683420255 0.3410430215062649 14.967372128955759
3.313971209568384 0.38921028117498613 15.344956172021142
3.6388674600892577 0.43894386280313524 15.724274341529318
3.996590531628751 0.488423047293186 16.093716098124037
4.372946080000397 0.5398352851832553 16.46130500717184
4.77116549691775 0.5917277711022964 16.819902615235836
5.190332823867251 0.6440980000640341 17.17767454779393
5.660814301914395 0.6971520141099105 17.558199510865784
6.184013031094745 0.751279795973244 17.973901819891722
6.76499771766434 0.806382611598393 18.423500844687464
7.382178454420364 0.8624496424601249 18.89447671815657
8.025100217852879 0.9211402792186487 19.373364931016503
8.68419798453181 0.9830517431904974 19.853717859673658
9.358324981411743 1.0485903831250618 20.332847194162497
10.0433662491308 1.1175056273554136 20.81189791407975
10.737785131406884 1.189085524197217 21.29107912542784
11.450527936737942 1.2633519739774173 21.77739497185119
12.170776970820496 1.3383536838070844 22.26175051650157
12.89910123836578 1.4133758314209406 22.74391346956128
13.628059023712204 1.4892830276508826 23.2169210627812
14.357182358654004 1.5659123981393097 23.680519678454385
15.08490601588661 1.642244607169418 24.135700787768325
15.80416786008158 1.7165310265584517 24.571947204548728
16.518249634787242 1.7866357334567844 24.988062456373413
17.213263184650973 1.8503798980882584 25.38022958988299
17.888893251373535 1.9061646285900071 25.729435467069056
18.54541213807065 1.9587131948995844 26.049150751421397
19.199118471804162 2.0104065724318527 26.33621903468785
19.867287264605142 2.063116746140494 26.60435972175801
20.55837232719872 2.115844048747239 26.862081881389173
21.258863589164495 2.166450984309688 27.10405759006477
21.967771215920756 2.2123386333968114 27.327193434904984
22.681643201293884 2.253748475158731 27.53076394434342
23.406486055178238 2.2910136562123844 27.720124738541653
24.148652382442915 2.3234417607643962 27.899857301772258
24.902951213431816 2.3493582074037747 28.058546443966243
25.659562269370696 2.3681374757082154 28.199139737170924
26.44581093476172 2.3776553373738 28.326440366634504
27.240340983484245 2.3760811536373705 28.435704488287
28.032700239628706 2.3644810506152583 28.52983251608544
28.773950557087762 2.34675803671193 28.592251865903684
29.482392331462695 2.3263422305005697 28.62639790607815
30.185452385144796 2.302207585415709 28.63545560731044
30.91223654828512 2.272106815523354 28.619479167250585
31.65773886435776 2.2368509313372047 28.58507858783454
32.419997591499666 2.1981624244972395 28.54200084814775
33.19705225939402 2.155738539892786 28.48351340253453
33.995663018633046 2.1076982297190554 28.417282527402183
34.78903999221343 2.0567747985901272 28.346276990642835
35.56913733155924 2.002497963388119 28.264504206755056
36.337455492476764 1.9450082802837638 28.176950047582686
37.106660730330475 1.8848454441655178 28.082387552106876
37.90723563175748 1.8190935427612296 27.98307372340447
38.724406277190305 1.7499812741190264 27.883672079369287
39.5417527346794 1.6787548102073082 27.785031136196626
40.34531591222239 1.6080190639844245 27.69465882421649
41.138571116219346 1.5398410224211423 27.612658263091365
41.94251171656117 1.4730145453452597 27.534714878223195
42.769382269535875 1.4057596698537689 27.4571237874601
43.632261238266274 1.335034426964884 27.37927477410625
44.52554266393212 1.261471498085596 27.300565180519722
45.43133983687682 1.187265752508356 27.22349333929625
46.33335612593381 1.11418371510611 27.1427888883501
47.23848639560228 1.0422275018918636 27.060619729112712
48.14651191955099 0.9713908514311785 26.976767729199366
49.06019004821287 0.9011417861485089 26.89159184732478
49.97255010562022 0.8314121193906254 26.806054488140475
50.89098579332595 0.7601876387249645 26.71935320616463
51.8145711192706 0.6878920559556227 26.63276296541103
52.73329083683089 0.6163453949539436 26.545402209163143
53.64904804749901 0.545508322287876 26.458489778673172
54.55808039623658 0.47669645448557224 26.374040531289374
55.455067399116366 0.4109078503693162 26.29264079393876
56.35230911194148 0.3470330843517516 26.211429606781103
57.25768927791032 0.2839171107000753 26.131020372873728
58.1880030678659 0.21921715163439714 26.04990026261707
59.12580650072806 0.15435071722434401 25.967984279359815
60.07074669352055 0.08822848504238281 25.88841371560601
61.039526677673216 0.017931783748821935 25.802181188211595
62.044489759266625 -0.05823704754475664 25.707406011152123
63.09082763696675 -0.13985091106488007 25.60140119577203
64.14821371306417 -0.22369565566649863 25.493794458468194
65.21726991984953 -0.3096314545375173 25.38083699153973
66.26868431593446 -0.39629631321691716 25.270988762266924
67.28064831320667 -0.4829490284356268 25.163419405985838
68.25570717162088 -0.5675551327196517 25.056903649571193
69.20274028041804 -0.6513883465587064 24.94799958858742
70.17120038637445 -0.7385793737608638 24.829267642568183
71.13481195637212 -0.8238970262454223 24.71147736980502
72.0728131167991 -0.9011039303380106 24.595032087847486
72.97392009743419 -0.9704454782200922 24.479856783700267
73.85399627257203 -1.0395663283738659 24.36365093244837
74.73651173566255 -1.114232577017069 24.24389392698615
75.60775297417777 -1.19047274627862 24.120700910066567
76.47273942713332 -1.2650182195281139 23.998325367942506
77.3587567047329 -1.3380773433011617 23.872911120627908
78.26391322966775 -1.407116267305736 23.744782335358256
79.17202511533898 -1.471708125470515 23.621740958059988
80.1000626117069 -1.5348503878140884 23.496863070490125
81.07225902575732 -1.5990414087930727 23.35949116080502
82.10767339758647 -1.667522841023064 23.21269260499048
83.1915501503007 -1.7407135416212718 23.061316113778066
84.31444571614617 -1.8212530807480516 22.907901625307296
85.45236079359566 -1.9065303339045545 22.758768340471526
86.6101836413943 -1.9947529815894722 22.615970818684243
87.77111946606803 -2.0804062526374323 22.481916516586764
88.93801411772115 -2.1602339624016316 22.355709238452356
90.10103886699072 -2.2330367455613125 22.23827664663756
91.26286253555327 -2.3007824286458147 22.128286543281686
92.42101323077773 -2.3668955228554998 22.02704489656148
93.55645372462412 -2.432230739965337 21.938476270372927
94.67379304410409 -2.499123321206015 21.85705982203438
95.79629588589323 -2.57061183327296 21.78154438858233
96.94675586349233 -2.6448412944050483 21.70927625959421
98.11791029969669 -2.7157177229170766 21.641205632893527
99.31220035752816 -2.7821350244133987 21.576818309876522
100.51243696897029 -2.8478246592707106 21.51745889704502
101.72415458833738 -2.919694291814661 21.46006652732242
102.94472515477072 -3.0005436827114895 21.405568017259245
104.17241524960416 -3.087648430599274 21.352837577843115
105.4157447134503 -3.1763842104434334 21.301872794080836
106.65118950764929 -3.2629875684879512 21.255863442187596
107.90192821724283 -3.3490348075793386 21.21277747339088
109.15547969556839 -3.432626808643819 21.17818394694032
110.43467584737965 -3.513426994317988 21.150648516633034
111.69137053126543 -3.591539405296186 21.130862118512237
112.9023254583057 -3.6689412855175276 21.11820890203142
114.05242655635104 -3.74473436249318 21.112737091324195
115.1678523169343 -3.8176740265568676 21.113760242405622
116.28436227790442 -3.8877351274086664 21.122634157564264
117.44891013563083 -3.955622990429467 21.13583834660051
118.66431650489012 -4.022907487937461 21.15081538385622
119.89723782126651 -4.091855218582659 21.170021999955214
121.11344106804027 -4.164063148470976 21.193143164896195
122.29533445455485 -4.234273221517961 21.222578148663295
123.45258775415645 -4.299067999536148 21.25733192035104
124.60126617428115 -4.360301180145558 21.298844911888764
125.74932689278457 -4.419667890402296 21.345526648430056
126.90165659863246 -4.479765702886448 21.401117970604616
128.0456387305958 -4.5362320044585065 21.461155585468934
129.15549730471844 -4.587744697840464 21.51896255259391
130.1976902723177 -4.634053096984763 21.575964178669693
131.21286439682308 -4.676749372384016 21.630215012691625
132.23689670129372 -4.718602113450068 21.686144164877827
133.29203384637606 -4.760041560022647 21.74526190895861
134.34803282261703 -4.798520263075878 21.80721872261169
135.3721571672775 -4.833685899636652 21.871236160807968
136.36999184641562 -4.8662006532409325 21.93867361268961
137.33897268033462 -4.8977155341661565 22.006040639464896
138.2942991588096 -4.926266142742269 22.072909548782185
139.24277691537475 -4.952641109359494 22.136602147208258
140.19458790194815 -4.974010518827072 22.200458652361046
141.15057866999652 -4.989586097443529 22.267221041216416
142.11537820746727 -5.000563358729901 22.340720837894803
143.09787525643688 -5.01244566437537 22.411764448946354
144.1195865236647 -5.028686727029477 22.484003670160327
145.18276682277187 -5.0471842368167605 22.55406721837252
146.26297344077653 -5.066688703155943 22.619949841521382
147.32663285643966 -5.085202342992055 22.6815211224797
148.36141429432158 -5.103723007262091 22.744347779971047
149.39145891695705 -5.124261908100705 22.80693344518192
150.43826950693483 -5.147035963928702 22.872717214158083
151.51593160319172 -5.174158695540298 22.93553773678949
152.59720037575468 -5.201607714528 22.996323755240425
153.67795017147006 -5.228050245704012 23.050277653353277
154.75311151487102 -5.252398711611643 23.103506331909834
155.84018725569425 -5.27280513731778 23.156847729577557
156.93638283060199 -5.288561389804182 23.210595901328357
158.0562599388473 -5.302692194324373 23.266564743915264
159.2027364689817 -5.321087446791359 23.32810204017396
160.3818942991897 -5.342277161363352 23.39443907957626
161.57114816065678 -5.3652952468917325 23.463524846351866
162.70275361809684 -5.386300500111947 23.530810240518772
163.76815335755867 -5.405774551205461 23.599452547455282
164.76537688016037 -5.424120502290621 23.671920983867157
165.74711213843247 -5.441950342779976 23.746258107525286
166.74326406287082 -5.459763878818417 23.828978347979255
167.77524819903584 -5.480916432317039 23.92876831835339
168.80769910647294 -5.507864936717165 24.037851158681033
169.79526210536557 -5.539283632123058 24.1494080466146
170.76636006806655 -5.575412186260425 24.269229201425365
171.7165064337448 -5.611306719429923 24.398604526020996
172.65919622096663 -5.645095676704727 24.54158353140619
173.56340231971788 -5.6763271021961845 24.68920656395856
174.44609745797243 -5.710825931995265 24.83494273872277
175.32209422350275 -5.751150824393655 24.97214268276457
176.25728077925106 -5.796016040148236 25.11746147352574
177.29522726649716 -5.843019749114627 25.277150215840372
178.43491185658604 -5.890663067876266 25.449329132644277
179.58672269876735 -5.937515110843876 25.62129910831947
180.691135458298 -5.980723326609967 25.784328230436753
181.7419932121048 -6.018957991077664 25.936253731479287
182.79137566814032 -6.053710362425212 26.084752819132845
183.8466165852302 -6.08620123813839 26.23120182068225
184.9094813968685 -6.119004013222251 26.37447056627635
185.94459376019444 -6.150808533495699 26.508169032817253
186.9673889729763 -6.183060517693402 26.635135092478432
187.97275545946215 -6.216816185890717 26.756065013950483
188.9683072458906 -6.253535233241468 26.871909764828192
189.95208506993743 -6.293548592874362 26.981041322693212
190.9081483151764 -6.335034422124034 27.087232605470117
191.83625206820616 -6.3780798731231165 27.192865803497487
192.7409527726888 -6.420616641819384 27.29592212646018
193.6469063460198 -6.463328099008178 27.402055251103047
194.56431070083693 -6.507341821784378 27.515664755949476
195.49296235846043 -6.550718761959624 27.639628799444033
196.4161124063752 -6.591847937279776 27.77483004101226
197.32897394515734 -6.6279673693504275 27.923691400099965
198.20832790381326 -6.656108321958007 28.082555756223023
199.06559813657654 -6.674605684045506 28.255907244791807
199.91329464528044 -6.685645668059899 28.44452568697628
200.7686301338428 -6.691784000149848 28.64649345071171
201.61750257195348 -6.695578218041894 28.86608080940698
202.460466699724 -6.698747117772226 29.098757036149262
203.28426884740685 -6.700157394764342 29.342178650631322
204.106214589165 -6.699181031328986 29.597688841598234
204.93771885992106 -6.694941560755404 29.865877510237656
205.79637239871795 -6.686066552604267 30.151544809863903
206.67690936690883 -6.675645537755175 30.4538177728349
207.5720115443476 -6.6684582284346 30.77480166764693
208.45803736829333 -6.666958495375767 31.099383777662265
209.3317937624639 -6.668840632147592 31.421821541772346
210.18772415257334 -6.672082902796506 31.745623845129227
211.02860663600643 -6.674180104607044 32.07499451930336
211.87560160279196 -6.670637455022926 32.41492987004431
212.74384029123783 -6.660617674993101 32.76294333996044
213.6298330733702 -6.647131681884956 33.113164271200176
214.51983184921244 -6.632362704531835 33.46296783828521
215.4186333389129 -6.618497606733138 33.819426876602854
216.33087066668708 -6.604842285690234 34.18794808143043
217.26421598034614 -6.587070283139301 34.570406375434835
218.20573274084927 -6.5638891606870935 34.960939960422
219.1308426435098 -6.535966941206503 35.34843497922279
220.02340774202824 -6.505026986794005 35.73009070699506
220.8855819963991 -6.472575391068862 36.11141481958752
221.72020748681527 -6.4388030353893 36.491790665447894
222.53435686574497 -6.403568621692212 36.87817335144813
223.3085708409953 -6.368119972154454 37.261747536452894
224.0615503775931 -6.3338281878634195 37.652115444449365
224.79966676606196 -6.300329928206827 38.04884256623863
225.52835983402036 -6.266052950351912 38.459299326479204
226.25030570989858 -6.229796012220827 38.88089047537385
226.9688761662306 -6.189797387518425 39.31783539757877
227.69743472948372 -6.14547432258029 39.77824979738426
228.44073591243335 -6.097118909808637 40.253950821510294
229.20205795225306 -6.045851711517455 40.7482548974704
229.96235020820734 -5.994483904409253 41.24530681281643
230.71691659164392 -5.9426925647128375 41.73581231416687
231.4518833522965 -5.892380700489998 42.21592494530825
232.1986351223625 -5.841394275959832 42.698905845659766
232.96055732673025 -5.7875068764662245 43.19056394699419
233.73838384813664 -5.7309581141535535 43.693964387008066
234.5200289863617 -5.672498122583003 44.19695481491215
235.29519807188365 -5.613851370002649 44.692992112800525
236.0529394163765 -5.555713283580162 45.17923504285868
236.79584782758354 -5.498624980791089 45.65665924450269
237.52780391746316 -5.442550500221411 46.12498505894953
238.27286858773488 -5.387219242347543 46.60058616963913
239.0517141396197 -5.330141789711119 47.10216024158004
239.8753451151913 -5.271855891099642 47.63268299003303
240.71963771099092 -5.21340679594075 48.17732847034654
241.5407114683106 -5.15617058601441 48.70625578829154
242.34573871652185 -5.098139835643981 49.22500180703901
243.14493833804698 -5.0394744112499 49.73623445676653
243.9592436625882 -4.981410721519442 50.251000408118145
244.77103979064083 -4.925233666068563 50.757761039886105
245.5842754340797 -4.869187057394379 51.25562095342439
246.40224439642907 -4.814871200987791 51.74191020510178
247.23051047189796 -4.762054688302152 52.21814771174009
248.07423666211602 -4.708280719767157 52.686047790615724
248.93462700957883 -4.649597232120477 53.15174547698366
249.78278908548546 -4.586240624858544 53.60170915694057
250.6101253223524 -4.5225212962660555 54.03360866301726
251.3935785814707 -4.462445962001125 54.43889287222601
252.16017159664688 -4.4043350766333 54.83199543121894
252.91469647521328 -4.346308130677656 55.21667594083829
253.6574538132774 -4.287695463519974 55.59189509674616
254.3950825807102 -4.22927189833897 55.962678177824856
255.12750836681838 -4.170588769487564 56.33096880963559
255.86828480183203 -4.10939749976202 56.70353301723102
256.6258059660534 -4.044062315682302 57.08173277922615
257.4283493938358 -3.9726555676768496 57.484238598641674
258.2738114106893 -3.8951792004101122 57.91160434527103
259.14290718040735 -3.8123347331249016 58.35741784988957
260.01611397044184 -3.726721894071632 58.81338411954165
260.8910928323694 -3.638345820004298 59.27468981449678
261.7710180326122 -3.5482868536877397 59.74433004785885
262.6474446709356 -3.4578397997690793 60.21825484515083
263.5130534334577 -3.369536698119154 60.693092100313415
264.359536298349 -3.284927138281132 61.163614931873965
265.18922523096796 -3.2022280396884235 61.63030752591381
266.0097868604474 -3.119556713454014 62.095669149781266
266.8327799594339 -3.0367827308136706 62.569378982093646
267.64994025072593 -2.954694370280277 63.04769349765807
268.4700399489412 -2.8707317986373106 63.53312752341988
269.2947230379464 -2.7832592886191176 64.02608459519611
270.13174334337776 -2.690992614738725 64.5293391936779
270.96579824847623 -2.5963427345386783 65.03849731559708
271.7803767332152 -2.5029518468669973 65.54274452261072
272.5758502963063 -2.4116170582038374 66.03664497114627
273.35866179385584 -2.322780140697803 66.5235735729649
274.15054812930214 -2.233985585697396 67.01548978559053
274.97157524884193 -2.1440318516011496 67.52262431810682
275.8302561063851 -2.0476577958070443 68.04970733170352
276.7099008727127 -1.9396590537946103 68.5874530283078
277.5852409929415 -1.8224251726698704 69.12170120194934
278.4260622093169 -1.7032470295146878 69.63618680169306
279.23414836849423 -1.5862353114985284 70.1323700648091
279.98544867674883 -1.4756176686062268 70.59939257915464
280.7086579472104 -1.3700186852315577 71.05409962368753
281.41328167434415 -1.2697568274026891 71.49781644861261
282.1273502236882 -1.17163731695838 71.94855216207962
282.85724835355404 -1.073736491363435 72.4132253293948
283.6012656871193 -0.975145234011372 72.88948050489941
284.3516781074324 -0.8733816536787266 73.37172419042959
285.11771684862373 -0.7647563179422282 73.86556039536441
285.8956653958084 -0.6494169019822768 74.36672650707548
286.6785069816673 -0.5283977810630489 74.8729243850058
287.4671440762327 -0.4034989816453244 75.38093714245575
288.26103010323544 -0.27742212395865234 75.89393898563506
289.0594130570767 -0.1543823811575818 76.40651884369642
289.8525491838075 -0.03704357876857184 76.91348775568575
290.63833640102393 0.07513120866949735 77.4159263491401
291.4151799854491 0.18406992196557428 77.9158756552022
292.16931986098746 0.2915871143274916 78.40087842564034
292.9041665947114 0.3993827272717226 78.87161958501724
293.6362500856154 0.5082033387036025 79.3393748923051
294.37819357216165 0.6193053425255963 79.81761603008123
295.11736771985767 0.7299112972202346 80.29667274754163
295.84924463022196 0.839121828407422 80.76918683020496
296.5780218812292 0.9488112958775432 81.2341682256982
297.30991061592823 1.058872503219841 81.70148641306046
298.03979331234365 1.1663774133183085 82.16606186630904
298.76079889823296 1.2714169056074365 82.62755638946726
299.47513744106664 1.3769738870806185 83.08666433754495
300.17195095720535 1.4814240278585946 83.53354862026623
300.8327968825978 1.582304737172535 83.96420094022676
301.474047641357 1.6803860901224512 84.38710628788986
302.1215261715126 1.7777081404672468 84.81955618818378
302.80961662380855 1.8788276452711328 85.2797722760324
303.5383535869768 1.9848289636664687 85.77320854560023
304.2896799959119 2.0945218831948984 86.28908873442776
305.0314819026001 2.2055374563911663 86.80810587061849
305.7531036385764 2.317515166607898 87.32469529564096
306.45296768397384 2.429540412492914 87.83578743943539
307.1376303312762 2.542073449426371 88.34748434911117
307.8088054244673 2.6550962931900166 88.8620324865578
308.50337850134946 2.772912800177819 89.40628750679511
309.2235844767134 2.8953194294736937 89.9782367912421
309.95853431902003 3.0174364495611954 90.56318525553014
310.6830785631179 3.1367167349640983 91.13384022446168
311.40261199800887 3.254767217015896 91.69314203714012
312.10987003576986 3.368107294637698 92.2294154562894
312.82603661255934 3.479624286428553 92.75857805904151
313.5551267674796 3.5901514564559394 93.28591259391654
314.29091542154623 3.7018763985345977 93.80964950296377
315.0177807291789 3.8119262061573917 94.31729242786375
315.7330972424252 3.918015869972206 94.8082888432164
316.44875209263364 4.022659798915523 95.28846465743112
317.19023508920947 4.1313919593878605 95.78050379093536
317.9545187334312 4.245719078503637 96.28133431286845
318.74289125832996 4.365959835905522 96.79171323380167
319.51405705392085 4.4850226237066515 97.28567570491153
320.25151478380013 4.600570026236751 97.75384085637984
320.98240717737565 4.71639878503536 98.21492193453331
321.7297784771261 4.833222645129359 98.68407415749915
322.49457138107636 4.948153679010054 99.16082418950349
323.2621013181366 5.057401222739454 99.63233935277428
324.01309936900003 5.158743932243185 100.09134356006886
324.7356223883701 5.2538387599965795 100.53406684544171
325.42062455027377 5.344956001708695 100.94987760914803
326.1030541409356 5.438480793360813 101.36135462488527
326.8101797840214 5.538528218771803 101.79295102426525
327.5472708972695 5.645854133005895 102.24396547044057
328.28851077645345 5.757439365643254 102.69998842445864
329.0284374407947 5.870842215573768 103.15941967836515
329.7620500586816 5.983636246530879 103.61929818936768
330.48635113392965 6.095681046296417 104.07552661384497
331.20840719096356 6.207466789434908 104.5290210060778
331.9419351260225 6.318163485182178 104.99405123697511
332.70720171375086 6.432030176557192 105.48829407547909
333.48537152280267 6.550421928756359 106.0025659266371
334.2709133601624 6.676128917516889 106.5354726416132
335.055332331377 6.809244865987471 107.07149774570547
335.8527390280807 6.951920657629051 107.6206200542066
336.6501313787659 7.09891740921052 108.17958422335374
337.4402969184865 7.246439742418601 108.74081165152042
338.21106195832226 7.3889951997536105 109.29709358280739
338.963440799332 7.523404035935604 109.84781757600429
339.7116438165159 7.650367526952691 110.39614642101245
340.47622562498344 7.776505234236367 110.95654343896157
341.25924080828906 7.904692391761509 111.53399156444956
342.0663066657927 8.039082803033242 112.13549086969654
342.871393303053 8.177848622773483 112.74417074499102
343.67452246898097 8.320674310122413 113.35896337816331
344.474316214141 8.467813534871334 113.97760187414401
345.27486368844774 8.619417559947728 114.60182565011482
346.0698984698377 8.772439097319204 115.22668309690722
346.85511839922907 8.923216021158469 115.84804172432105
347.6318886570354 9.071418046720495 116.46690457863868
348.4178945029096 9.222116035394613 117.09489777546617
349.2240138526687 9.3767018483159 117.750014793044
350.03813808320325 9.533446729768183 118.42457463384986
350.8337045399693 9.689492849497025 119.09854034828514
351.61531886475404 9.848847666651327 119.76957844305988
352.38959143504735 10.011941231430946 120.44130187320546
353.16145860849525 10.173252417696762 121.12064536078717
353.91371728606515 10.325633220048509 121.78533234728579
354.654890558118 10.47030436450642 122.44854128691846
355.3942503809463 10.61244558438057 123.11722003534099
356.1607722532929 10.759955317726174 123.81305824071876
356.95304062694396 10.912713063677023 124.53238050484143
357.76385272545275 11.068499014720345 125.27167278893516
358.5742017874392 11.225264265346544 126.01913132197159
359.3744334334855 11.383058868310115 126.75697364244908
360.16254372088724 11.540667319228989 127.48731591510392
360.93436642793085 11.694295201814551 128.21052563266662
361.69026649883074 11.846019357070558 128.92220234101745
362.41977382076897 11.995933723101889 129.62786744769235
363.1435769405115 12.14677231603677 130.32821710430932
363.87623661841366 12.300887344854216 131.04360088991376
364.6103235991343 12.456162913021204 131.7675037202173
365.33583056348203 12.614551315584704 132.48778546449364
366.04771245937116 12.777465142166879 133.19743983431346
366.75145368915827 12.94124003880649 133.9021364546602
367.44770426271134 13.105192748393904 134.60660388072884
368.12945647817736 13.265775484215014 135.29773908485475
368.81198099603847 13.424012622133084 135.9875035018694
369.50864243492725 13.578797960559445 136.69172796616127
370.2297791688775 13.734892736960227 137.42297845247106
370.9717638658206 13.897781073271636 138.17260570845573
371.72969608752203 14.069098968058384 138.9335861505319
372.47599798243635 14.238111564143988 139.67763724715743
373.19288413995463 14.39896906958025 140.38699601828327
373.8987116205986 14.554306354575425 141.0765644604888
374.6165447147007 14.709355117916044 141.77289061044524
375.35372468130083 14.866433666005062 142.4847660684434
376.1085846174288 15.028221471974748 143.20819311954799
376.8854999056271 15.195885722424162 143.94898681433992
377.68007949503976 15.367821261095342 144.69968201471983
378.46751006485647 15.54039542467176 145.43914934252857
379.2438959508148 15.71123149799044 146.15558371289433
380.0131578147629 15.875597044165813 146.85382059258845
380.8061857872745 16.03671210353763 147.5688745954605
381.6134170804645 16.196263180172334 148.2944108978063
382.43152300517903 16.354265612364156 149.02496210652694
383.24038347266276 16.511362511182522 149.74383028300392
384.04336168778826 16.6689997445476 150.45588962611856
384.84315135967273 16.828615438825278 151.16586324619854
385.6300072567715 16.987067960353805 151.86454780011528
386.3883931408386 17.140160532495262 152.5376564476135
387.1208375811004 17.2881853774129 153.19014624479118
387.84521538504004 17.435167344809745 153.8350411010469
388.58694081262394 17.586342442328025 154.4926440158906
389.34824839398306 17.741283421785127 155.16266262984524
390.11673578549176 17.896504026421102 155.8373655134458
390.87718819121284 18.05018944301307 156.50628403423346
391.64161626170954 18.205265914650003 157.1805774166933
392.4281207706284 18.366194250076973 157.87574815555774
393.23703285744494 18.532317357833847 158.5907319446028
394.0673264920756 18.70602133824937 159.3233519586524
394.90201186499127 18.883354674798902 160.05897221232416
395.72174003997424 19.06030425353391 160.7854829350581
396.535373490405 19.24111218112838 161.5126161012249
397.3477744639403 19.430455413928193 162.2439978086439
398.1545391436779 19.621331654976277 162.9709542061132
398.95082944723475 19.806956088763833 163.69338033918137
399.73256739301956 19.984446763625932 164.4027989165468
400.4958009747367 20.152229606202198 165.0951182137334
401.24525294646196 20.312912098738174 165.7743400380931
401.9911393301566 20.472450864115796 166.4505721112825
402.75193313628876 20.637495320783326 167.13676266256
403.5289239459914 20.80897902086273 167.8337433221849
404.306649289914 20.982682077676817 168.5280464336513
405.0657363965677 21.15285379019673 169.19952545517626
405.80532627053026 21.31936840142412 169.84862399031437
406.5382945736217 21.48411076932614 170.49016994123048
407.2834170532148 21.652351001294875 171.14573046490167
408.0488095858878 21.82533708700041 171.81770358180566
408.8245820561762 22.002775680143326 172.49582003722233
409.6113898229928 22.184326526142915 173.18214480038094
410.4010433118506 22.366135121177994 173.87059782863716
411.2023483210808 22.55014621787748 174.57007659865045
412.0045606601865 22.73612280587923 175.27289606660898
412.808262455747 22.92469967741313 175.98055159202758
413.60553746081297 23.112413340009137 176.68714406506425
414.40157910504644 23.300560028651343 177.39848941826992
415.21273317563515 23.494075933512047 178.13004091497547
416.03362257716543 23.693501207978123 178.87956886887756
416.8663341373379 23.899741719428604 179.64324257348056
417.69998804704215 24.110569536551047 180.41451919112697
418.53952570833997 24.327523444155663 181.19343424370996
419.3923297737064 24.552292867265546 181.98824171402268
420.23674031708447 24.77824516585508 182.78231398064864
421.04004775092784 24.99821745776679 183.54487270464892
421.79449936271675 25.20864494980317 184.26586652300946
422.50727531876913 25.412543524987722 184.95571543281386
423.1971030383064 25.616258920346006 185.63045525171046
423.8606246871002 25.817841547046417 186.28258191333762
424.5050269562807 26.019745017274836 186.9206408211561
425.1345535374812 26.222617764263255 187.5444009883534
425.7644961428591 26.428635229469442 188.1655971957664
426.3985855578194 26.636684391854583 188.79138966015077
427.0418365963715 26.846172508827085 189.42314425394824
427.68894047113025 27.05597603425847 190.0610803993074
428.3283434598836 27.26337631912008 190.69213348246132
428.9647170225955 27.46931499227318 191.320024542464
429.59478427462085 27.670442335153673 191.93544075554993
430.2272644065189 27.869648594792093 192.55407659847862
430.8591057554528 28.066918616055233 193.17258776123057
431.5007489695351 28.26582198633786 193.8014614822926
432.1517461053897 28.46701886953044 194.43203899241632
432.80109634246486 28.665614550582724 195.05572535245324
433.4433397149233 28.85909889042488 195.6693292824619
434.0828568515114 29.049189592930777 196.27139189547285
434.7395637725737 29.24264208389769 196.87851380486896
435.41671842478866 29.44296665529909 197.4908223907843
436.1190996998335 29.652523287021985 198.1164671975207
436.84287789758775 29.868981837136747 198.7520637718488
437.57474645081504 30.087522572951766 199.3842823613635
438.3048975114526 30.30279291845027 200.00533543447995
439.0280869383677 30.513440994318287 200.61192320106514
439.74595831401496 30.72174255685534 201.2118695719997
440.4670647462812 30.930318909338517 201.8142405825756
441.1914993426898 31.14648091397414 202.42177605685015
441.909892238963 31.370076702772273 203.02274797316176
442.6258820162287 31.599741947932994 203.61539220176334
443.3557535246533 31.839068520014983 204.21587859281246
444.0894928647015 32.080942784021616 204.81862838761086
444.8004052020813 32.31325684563817 205.399703105489
445.48487026982673 32.536603051891255 205.95183731624
446.1740747756455 32.76249852452555 206.5055122775314
446.89081042706556 33.00147975272046 207.08471199810856
447.64628223467435 33.25781334754061 207.69723931676333
448.41675883493195 33.52483086872405 208.32679325239468
449.1923449342202 33.79785780861667 208.96289875844664
449.9574267972497 34.0707327726837 209.59663902833736
450.712651070402 34.34428281915951 210.22381172517902
451.4603207792969 34.61917138608415 210.84705628558234
452.1961760090239 34.890592104791125 211.45962310833443
452.9257393177901 35.15757444843564 212.06338142990018
453.65205805453013 35.42039314549689 212.66293193415171
454.3892053917806 35.68154179820378 213.2649551034799
455.1356379362053 35.94287666573715 213.87584950065497
455.8735020404603 36.19439536957347 214.47174753610346
456.5847162127384 36.42804728749682 215.03764426347203
457.2432524002152 36.637783305879616 215.54997860223313
457.8898403817059 36.832958054633586 216.02093617480776
458.5304971998884 37.01828022688135 216.46554397904328
459.19708400179724 37.20631733546957 216.9067117478982
459.8964776450458 37.39733687848786 217.35346791086755
460.62152358301483 37.587444022691166 217.79710079431894
461.3518339716389 37.77471547855818 218.23259270519233
462.107970456065 37.96645492700731 218.66671027660956
462.87947657202193 38.164398933039855 219.09690683258043
463.6474325178321 38.36862949586269 219.51676672797524
464.3687471953093 38.56543277504722 219.9035565167963
465.07339065971007 38.76269610604475 220.27025841315685
465.8012557688866 38.9706160851814 220.64085580312545
466.56500955678854 39.19078463452115 221.0236492050272
467.32892908464083 39.41136195798437 221.40004770897792
468.07178115110855 39.6237468825215 221.75374304082814
468.79222848316766 39.82230172720968 222.08342892178104
469.50000313208324 40.01146610625732 222.40347636276016
470.2227330515072 40.20513677169527 222.73556625173933
470.9768964506471 40.40765534220277 223.0916008596459
471.7643829929201 40.62053054024433 223.46272684343356
472.547903703347 40.83170650525117 223.8274391179678
473.3272087213146 41.03856109073455 224.20210827352835
474.09705670918464 41.239758374670814 224.58404435904185
474.8801465095593 41.44069414316364 224.97962484245272
475.67352309310724 41.64402033971709 225.38753321539272
476.47936125791466 41.85711790681225 225.80339507723065
477.290867632303 42.07562717236556 226.21881445039236
478.1280227556187 42.29919866828918 226.64529678731253
478.9954111612394 42.525449774813396 227.08693442169331
479.90567155477476 42.75515861850566 227.5497253282972
480.8198415960122 42.9823981296022 228.01256224629185
481.6935838433476 43.19798096931957 228.4512954144349
482.5296252238743 43.39992583278538 228.86516434448333
483.3456753837729 43.59159204094726 229.26397776085162
484.1528440117731 43.77547145748657 229.64338350460937
484.905812274552 43.94109800100918 229.97976874400413
485.59606510026555 44.08692859323212 230.26345021260056
486.2288504055052 44.21689114819307 230.50286497643944
486.8286682736924 44.33521966515659 230.70868672513444
487.388757492359 44.44188059312564 230.8879784293092
487.9148894665857 44.53903010176256 231.04217545962734
488.4276370664391 44.631369744540386 231.1793116327378
488.94809689116966 44.72372636962336 231.3107125622294
489.4828725110831 44.815993726430484 231.43275174699923
490.02409949235516 44.90512352198782 231.5410499509514
490.5539393916372 44.98875824145623 231.6337697749381
491.08850794315373 45.06910275530829 231.71319983511714
491.632371273433 45.147105432215646 231.78583135689806
492.18767767620307 45.22376961289218 231.85554642907368
492.7249975253827 45.293151440648785 231.92027242526322
493.2243920084381 45.35212975593937 231.97662126150894
493.69124785817553 45.40254030981315 232.02479110162642
494.13478519593923 45.44725747478444 232.06346337747638
494.5813454225219 45.49250214618133 232.0986063299589
495.0385499134514 45.54066211181806 232.14385018130477
495.515715009139 45.59366985013194 232.19357683255024
495.99606857376466 45.648185149826396 232.23951580646062
496.4373556032904 45.69760301433687 232.2777154459877
496.8206687732213 45.738991004989686 232.30505567784033
497.16228802239806 45.77508311668996 232.3251216412147
497.49378932513764 45.809488353442795 232.344012234754
497.8194419308582 45.84274686883033 232.36601239519328
498.14630116837566 45.87716705765097 232.3940878038944
498.49193131267583 45.91507861948453 232.41949510702364
498.8490566319921 45.9539955077936 232.4431111724169
499.1873486719198 45.98957209691511 232.46936721549037
499.4934233653233 46.02054986702828 232.4972631468422
499.7796594944277 46.049332987096925 232.5337178682907
500.06365812808554 46.077177989605104 232.5746112093351
500.35558809801296 46.10624804735803 232.61645522562853
500.6708205158251 46.140467414374626 232.65867420078774
501.03381358172356 46.183191679782915 232.7039530265994
501.4518925557445 46.23621531759409 232.7619244762526
501.9061917832781 46.296085557754324 232.82970330927753
502.36670694351125 46.358972269092305 232.9049189510203
502.83039401092526 46.424195289564544 232.97933966472286
503.31498676364987 46.49556254882026 233.05902801291074
503.8255517532124 46.57481108151527 233.15338550267597
504.35830584906165 46.66087964041107 233.2583303325456
504.9022128164054 46.75149518650969 233.3746520201399
505.4300444162174 46.841642592901366 233.50484761839164
505.9392147845 46.930328926039216 233.6403256720918
506.4501694613863 47.022440963957216 233.78854008403997
507.0175165940865 47.12548141546475 233.95777823117476
507.6285577031596 47.237927213786556 234.15276210394467
508.2652859127796 47.35613647681992 234.3670016703791
508.89259652987147 47.474189844968116 234.59815593555405
509.5120413223722 47.59273082242313 234.84078350634826
510.10518632750455 47.71076311676562 235.0949611041744
510.69544930985944 47.83148837148689 235.36155961899001
511.2761024237192 47.95343117578507 235.64313160987268
511.85252602547706 48.07791225886672 235.94055690382467
512.4061503172685 48.200204334034254 236.24572537728636
512.9741434472903 48.326847797543714 236.57271248220917
513.5598889889187 48.46172888561661 236.93348845435952
514.1934950853968 48.612247706017875 237.33675083964596
514.8510990105541 48.774222620592006 237.77373543501778
515.5339677027963 48.947171974380815 238.24443877159933
516.2048268072981 49.1178866062489 238.72110367806698
516.862328512701 49.28462136757534 239.2021383469678
517.4995825087806 49.44447832888322 239.68234532209746
518.1308286885155 49.60308879653213 240.1726875169282
518.7411070892374 49.75680985403886 240.66256880078072
519.3357177092215 49.90749647756543 241.1542315226439
519.909904158215 50.05537176414174 241.63916032432962
520.4799697360502 50.20357062376369 242.13064317555308
521.046210869471 50.354030447347334 242.62838786112744
521.6239612296581 50.510580146098704 243.14335580331115
522.2169751654891 50.67401822102715 243.67649733901726
522.8250381272737 50.843768399102956 244.224720422929
523.4354538292434 51.016041692688866 244.7802814701527
524.0447186978051 51.18966292532199 245.33668210520815
524.6508365404469 51.36393655018648 245.88963259576298
525.2663188108316 51.54223580692834 246.4495768441365
525.8990686579858 51.727034649742045 247.02480791107064
526.5567143829834 51.92187735655189 247.62220712518217
527.2352117196069 52.12381506716428 248.24193301817698
527.9197681387279 52.32859409842519 248.8672806448332
528.605565145598 52.53395992687886 249.49474021672447
529.2868016602417 52.739501740327775 250.12243023684414
529.9732785828679 52.94725903910375 250.7600424479606
530.6659007657252 53.15657951428284 251.4063063608227
531.361113574281 53.36515097680596 252.05219176127324
532.0494127400673 53.570633109443676 252.69168985015048
532.7248468169945 53.774008381723576 253.32250805485984
533.3851952159531 53.97503523463904 253.93676907467227
534.0573311609465 54.181109084446454 254.56209938489707
534.7487700501706 54.394882649026236 255.2054268847365
535.4624461404303 54.61682485194212 255.87248885881277
536.1935426784922 54.84563175351831 256.55924882871415
536.9281424099169 55.07751411878892 257.252465368223
537.663991423815 55.31251895874472 257.95048479572597
538.407473369781 55.55351409135283 258.6673981974737
539.1573793617346 55.7970241073901 259.3951997250491
539.904488874042 56.03892026247647 260.1219836548028
540.6385783393573 56.27549466828675 260.8360975686852
541.3486833846539 56.50597420240426 261.52982800902754
542.0450148678708 56.7344123750093 262.21412832504825
542.7304178943522 56.9593583133775 262.8872262260285
543.4213219492821 57.18379069178455 263.56221338812134
544.1337649890941 57.41171140544577 264.25703898439167
544.8649201513448 57.6397944841457 264.96046204436794
545.6065037351968 57.86612212941912 265.6655272393272
546.3472020922119 58.08979800661852 266.359674748991
547.0873509275723 58.3138618510405 267.0428191444576
547.8287727433487 58.53801037185658 267.7143643213757
548.5662621164323 58.76114809936195 268.37859294554875
549.2955411144671 58.979079073042406 269.02325983643175
550.019893435518 59.19087675130134 269.6485218581732
550.7500557661751 59.400399029191895 270.2572743976079
551.5004939082577 59.60904159350552 270.8530431039038
552.2692995205176 59.81844575390459 271.43357635466515
553.0560403527697 60.03039024541298 272.00395263485177
553.8532314248556 60.24155662262453 272.5584399435818
554.6526660477907 60.44326555594971 273.0825157345044
555.431151636532 60.63210809223693 273.57681545433013
556.2489120810123 60.82286675576018 274.04550768126796
557.0633226950436 61.01294476253166 274.50904453712155
557.9417648658807 61.21311028524672 274.96740347095596
558.8470474800345 61.41236196766995 275.4183596932626
559.8340865108903 61.62333130775703 275.8843639076242
560.8618765815909 61.83754185815282 276.3454128654908
561.9312018427393 62.056896891397784 276.7907567370757
563.012665670227 62.275170252421425 277.21493672484604
564.105059287679 62.49153221382277 277.61640024453226
565.2255454653656 62.708001330356446 278.00402092876203
566.3672992233593 62.92603245597531 278.369948745752
567.5030102214533 63.14254669731075 278.71604722251277
568.6113455147582 63.35332859466789 279.0412011796313
569.7207809666859 63.56317150274932 279.36143055834924
570.8232997920157 63.76927108722861 279.6785014946832
571.919565662151 63.97314219808783 279.99042418467934
572.9988601433909 64.17271732732108 280.2927651334979
574.0641263125965 64.36785268363627 280.58544856136547
575.1059981013925 64.55645655117507 280.8666286707068
576.1138605330942 64.73648038910193 281.13511624926497
577.1133355219418 64.91516187121017 281.3978353226256
578.12452010669 65.09866544622369 281.6632283252721
579.1415069430153 65.28550774566709 281.93207772297296
580.1809432674593 65.47655684226146 282.20978356737015
581.259535769057 65.6713754593576 282.50114963361904
582.3442803658871 65.86276301132455 282.80064228892684
583.3823167213305 66.04281343859441 283.09369312260804
584.3633402257555 66.2127900990179 283.3779956066894
585.3487030175793 66.3873325877232 283.6684316503944
586.4100656298673 66.58101268906496 283.98184352561987
587.5349222762696 66.7922571661126 284.3152384324436
588.7227828100772 67.01885379585724 284.6674039301534
589.9255914869001 67.24897635872674 285.0234568531728
591.1509755809591 67.47986723206951 285.38528846218867
592.369074440667 67.7075626928364 285.742859526676
593.5422851031395 67.92611100436044 286.0872188740738
594.6321230492598 68.12959642610129 286.402122669259
595.6563746795553 68.32334678154724 286.6979272058077
596.6694410969696 68.51597199813159 286.9876973483781
597.6824595638606 68.70526732499522 287.27611246812774
598.7025224050054 68.89335556341709 287.5678591848542
599.7175304571997 69.07972588036884 287.85938197114336
600.7594144058386 69.27033407789281 288.15937471852624
601.8043097462275 69.4611617874181 288.4577796644037
602.8649844371188 69.65369524392301 288.7557846373714
603.9757214080134 69.85709271684598 289.0610183798617
605.1471312469962 70.07182427333902 289.3790985772948
606.3534671227217 70.29214608109284 289.70717964979434
607.5532638044559 70.51085333051407 290.03171289761883
608.7455785940124 70.72824626364692 290.35179355886834
609.9280727087925 70.94030160252917 290.66804859008636
611.097568524593 71.14851970744891 290.9788503908969
612.2428823910013 71.35369316704978 291.2805816411561
613.3675305814231 71.55536095194779 291.5776486870036
614.4640254854776 71.75290452782754 291.87215649245485
615.5418810045251 71.9466448806582 292.16424515977826
616.6012240798918 72.13915301507872 292.45559104604143
617.6636771971425 72.33426639789181 292.7472463372918
618.7243699334075 72.52975389945789 293.0367692005993
619.7897488846784 72.7261231329182 293.32421183062604
620.871699595389 72.92377970038459 293.6167824107913
621.9765432172352 73.12440601677892 293.91587904938496
623.0947922373865 73.32515115202843 294.2189883987154
624.2127342223115 73.52533573708043 294.52215731339254
625.3342403352203 73.72663136996842 294.82559090595356
626.4535410065494 73.92725948233596 295.12823722390283
627.5655317657844 74.12836031741953 295.4303719162117
628.6676531571251 74.33193067894756 295.73285160015195
629.7623998257347 74.5368753273341 296.03691192751023
630.8491026037601 74.74249804964366 296.343347507117
631.9418621419879 74.94829539837968 296.6544670367478
633.0520889564275 75.15762691610287 296.97465855166615
634.1631876756006 75.36707844031535 297.2999526632239
635.2526501760032 75.573164063488 297.62468270509106
636.2953749078318 75.7727066744122 297.93935274368545
637.3016447119104 75.96577422145091 298.24704170008977
638.3044837046084 76.15759991061428 298.55920966552975
639.3429470521971 76.35296772052074 298.8843032263131
640.4113120870248 76.55372963720563 299.2175320176177
641.4971749243405 76.75952849154511 299.55320628358436
642.6094071594141 76.97207513096193 299.89130954944454
643.7516161826507 77.19179101168217 300.2370649709124
644.9231899082029 77.41875898811215 300.59137410308654
646.1183974847662 77.64948459741696 300.9553206148995
647.3079571108502 77.87943353867038 301.3193108025016
648.4767876644895 78.10468923836832 301.67832969693075
649.6266778785912 78.32667667696994 302.03220068367125
650.786943681827 78.5510201681975 302.3912766698912
651.9769148181867 78.78311908578809 302.75612530049165
653.1826345296954 79.01811744961573 303.12415615590714
654.3979161819135 79.25487232834422 303.4905257172086
655.5892256861209 79.48360046289689 303.84921343049194
656.7572481039763 79.70593639714224 304.2014756655033
657.89843079964 79.91992532834415 304.5484939516123
659.0409484887169 80.13271860342144 304.89518277905836
660.1645226492742 80.34021041732643 305.2347301922353
661.2797499020041 80.5434808593563 305.5718569349378
662.4046741643349 80.7485551355345 305.9117708577877
663.5469586882579 80.96022779416647 306.2550937804571
664.712219143996 81.17770914358655 306.6040019778044
665.8653021849331 81.39327991065845 306.9487323796446
666.9945531218532 81.60335608203515 307.2822132348253
668.1048413366074 81.81012719569954 307.60742522830344
669.2058022322121 82.01405066398083 307.9262800241775
670.2831788895035 82.21172272422311 308.23837726404787
671.3058883381173 82.39742668687599 308.53305906498156
672.2842481325878 82.57391637808587 308.8101786727261
673.2488932508046 82.7483087433169 309.0798488442503
674.2048329614778 82.92310874099674 309.3445945275858
675.133608155516 83.09332984466943 309.59870654822606
676.0649944874823 83.26589586842354 309.8517767595099
677.0316622323064 83.4454450309796 310.11786797994125
678.0412788469581 83.63167409692777 310.4004272613392
679.0537644044398 83.82053954701418 310.688034110992
680.0271257775604 84.00541730222744 310.96774260043617
680.9546084933384 84.18439400602962 311.2344975017109
681.8481855842815 84.35906041951611 311.4917709941191
682.7257216428359 84.5319707515704 311.7467368503668
683.5906889234209 84.7064169640959 312.00033062480674
684.4378190401794 84.88036221099122 312.24710167585044
685.2672987139898 85.05156790012275 312.4867934869777
686.0622426928527 85.21438448945251 312.7168320197114
686.7862084967667 85.36134794049684 312.9263945505228
687.4338269692115 85.49234407943125 313.10821877645566
688.0036319040134 85.60532572489267 313.25243504018897
688.5270411427509 85.70540896966926 313.3677026472887
688.9873153897448 85.78824546393363 313.4538424397926
689.4147967599306 85.85933075687551 313.5085445991041
689.8139206685871 85.92317137847446 313.54134889890537
690.2169529985971 85.98451701195025 313.5484970876036
690.621957158182 86.044468678352 313.54481266874865
691.0379274692973 86.1037421058139 313.52048208955955
691.4551498863203 86.16132488193999 313.47719324216143
691.8793874625513 86.2184446402522 313.40509573101014
692.2890940342924 86.27307357539594 313.3105578342153
692.6942752612115 86.32453801086116 313.189558926235
693.0852692291658 86.37170822081309 313.04450342318586
693.477433987817 86.41666701860308 312.87572010075075
693.865115284229 86.45899809836443 312.67064129257045
694.2612585978746 86.4990978626665 312.4342682847822
694.6638433098252 86.53475670481704 312.1695017817714
695.0721976526967 86.56857269792165 311.8790901616339
695.4590677433569 86.59419127271514 311.54862687440016
695.8280843211174 86.6165133948614 311.20733441410334
696.1704434897936 86.63131960091552 310.8282916861505
696.5280761583504 86.64658434510652 310.44946876262145
696.8671331375365 86.65231070223619 310.0278860020358
697.2016625423074 86.65638333456191 309.5892337548267
697.4988653749069 86.65195311301473 309.12431868110133
697.7322444534004 86.63916159277838 308.6551110059273
697.933779622123 86.62704888840277 308.22329679386405
698.087600025304 86.60796518306384 307.80182171653
698.2220449455323 86.58368531655026 307.368442728875
698.3313905952969 86.5590918371602 306.94761931755545
698.407299609607 86.52743090785945 306.5086899843502
698.452631445834 86.48819157820623 306.0517867981366
698.4944259517746 86.44090607842972 305.54705147718187
698.5149339909384 86.38506417018948 304.99507147937584
698.5141950580523 86.31900824202786 304.39921138794875
698.5014389796931 86.24101202060211 303.7553600178174
698.4561254068631 86.14505646748914 303.041841698617
698.3857066181027 86.03681820631203 302.2633250675649
698.2836773133467 85.91530035115446 301.41264052322765
698.1480098734568 85.77947602147519 300.48223531395473
697.9853970117832 85.63448725234775 299.5015548321623
697.7914137921202 85.48343199146892 298.49392566518543
697.5697013953279 85.33068428559744 297.4797978379261
697.3321152479506 85.18028101510404 296.4804422585271
697.06279474157 85.0301289573273 295.4819311213994
696.7668756142964 84.88511108478295 294.5237605671098
696.4650276771476 84.75126078778837 293.64389529536334
696.1612640690961 84.63252551864558 292.8625980568378
695.861234205127 84.52558365742594 292.1534297943742
695.5285412330927 84.41558953994831 291.4446835304525
695.1479905982018 84.29291163477998 290.67535248481937
694.7008124617786 84.15059407053701 289.8478932244555
694.215573561645 83.99697491991625 289.0064266979135
693.6885424981468 83.83764319756173 288.1427955165883
693.1099602937664 83.66854486879262 287.2304773805454
692.4715537123654 83.49050111213295 286.2565196178192
691.8085190414298 83.30869500669036 285.25503442557533
691.1564479237752 83.13052652841634 284.27758827777586
690.5336921654259 82.96221118715965 283.3476544879017
689.9515247730246 82.80507347583145 282.46761328158897
689.3915569058348 82.65206932582294 281.60919709249697
688.8414657378752 82.49785725358356 280.75687677434826
688.2883807451274 82.33761431493039 279.8994707032735
687.7196050816563 82.16710750780834 279.01651667450284
687.135374600963 81.99200944164178 278.11228043436597
686.549216844542 81.81704953540967 277.20517554394667
685.9715576190938 81.64497875693809 276.31699190935876
685.3837262238089 81.47036165978095 275.4335985708108
684.7775271948242 81.29175574284878 274.5347499020664
684.1446808354444 81.11067562145715 273.60531093048996
683.4916891092257 80.92799707537932 272.6494388771464
682.8222947251072 80.74198447690307 271.6705992327227
682.1465407534785 80.55194799524058 270.68156128657637
681.4731916702177 80.36049755317322 269.6985306088257
680.8217338967539 80.17225687651896 268.7427965520037
680.1824476150528 79.98581105655462 267.8013464320007
679.5446375620146 79.79820390198462 266.8601377196249
678.8987538455965 79.60738078855525 265.9015978371004
678.2457854700116 79.41432002065098 264.9332364028475
677.586855259906 79.21880916197813 263.95336399579634
676.9153664657689 79.01753336889728 262.953454715685
676.2481584839018 78.81697716367592 261.9580551384071
675.5748312499225 78.61526421265927 260.9528922253918
674.8880827571941 78.4086285700116 259.9288931215365
674.18298283073 78.1963300183091 258.87329885783583
673.4920687450019 77.99319568597005 257.84347238432713
672.834096409526 77.80148507274629 256.86157135833975
672.2071731185957 77.61710972476546 255.9266247135622
671.5951201547136 77.43567363208031 255.01246021386953
670.9958311413704 77.25642900352959 254.1179082016488
670.4159167768856 77.08235671617331 253.24975757279148
669.8550148540781 76.91550262725018 252.4079311258144
669.3055075588074 76.75087626289529 251.57584777727044
668.759772273183 76.58526654955357 250.74598330901904
668.2243719210032 76.42246338939499 249.92375597076068
667.7096049943306 76.2670539748878 249.13150968998045
667.2194609855943 76.11920171124913 248.37356872015638
666.7467678336834 75.97525785904884 247.6436339507992
666.2811712897803 75.83093423674107 246.91721531362856
665.8168122983827 75.6840624485536 246.18469525036915
665.3493226643341 75.53669114201169 245.44811842420577
664.8879562056283 75.39194352173328 244.7264761907418
664.4387424869025 75.25092625589252 244.02117865523365
663.9963877740419 75.11104364968321 243.31456486158038
663.546703001744 74.97071376811935 242.5913426311329
663.0953061929796 74.83236688435346 241.86397194542084
662.648508511335 74.69547364283183 241.14145545710443
662.2171020636621 74.56426693937115 240.44561813970185
661.8023202099786 74.43740474744948 239.77689169610233
661.4088068252634 74.31409258622276 239.14111799463066
661.0241591857177 74.19261234707147 238.51731805640128
660.6504886180204 74.07253191336613 237.9002725908506
660.283892448902 73.95397299944055 237.2965613625546
659.9364786336434 73.84216997437785 236.73226148225936
659.6086460556841 73.74003867612576 236.20736255254053
659.3076201242363 73.64712502681596 235.71966652738075
659.03734743763 73.56346119252808 235.27868749498185
658.7959185480922 73.48866882339756 234.8835717490677
658.5794710412088 73.42159435498753 234.5342822177699
658.3823758181884 73.3597939182352 234.2147371997588
658.1920021866454 73.30032347424222 233.90429989170153
657.9991102791546 73.24168815466255 233.58958996380164
657.7989132333993 73.1814641836747 233.265436669516
657.5993016631998 73.12104681745436 232.94032317299144
657.4049504969619 73.06265817702969 232.62267893055028
657.2166869451775 73.00619002684695 232.3153156522247
657.0328710616931 72.95131914685827 232.01339473007351
656.8533912601016 72.89827593868546 231.71588015805688
656.6745115957239 72.84638929458262 231.4221632477765
656.4909774427455 72.79351735369654 231.12640270223244
656.301123726395 72.73975325023223 230.8292327918223
656.1123559699502 72.6851842859373 230.5302412443893
655.9345281032098 72.63325094316994 230.2443945147683
655.7708660085459 72.58423491053428 229.97494630655942
655.608883753873 72.53509279961231 229.70948959501922
655.4406124772266 72.48410277647268 229.44184512739653
655.2628578553831 72.42939033551099 229.16057910762441
655.0836784553821 72.37292698939358 228.87050033932704
654.9018825670099 72.31520081842271 228.57301260645667
654.7174679717535 72.25797358296609 228.26942030623428
654.5286373236411 72.20085202021326 227.96082426104266
654.3280628304892 72.13973754131285 227.63945909663374
654.1122719227935 72.07378102599311 227.300910209945
653.8828684684476 72.0029138085075 226.93756635418637
653.6426702559486 71.9268937775347 226.54321857509936
653.3935620785775 71.84764678920124 226.13287510077302
653.1442025275495 71.76969992303299 225.72512703500223
652.9038437963992 71.69681422184806 225.33850334476878
652.6728443445623 71.62781639790008 224.9700636062761
652.4525180863907 71.55987707088458 224.61037865085956
652.2343349100038 71.4909032929977 224.25160905977458
652.0125288432789 71.41949641723166 223.88613413899586
651.7888025052902 71.34608736405482 223.51422192266898
651.5614291574185 71.27122544753433 223.13975212204994
651.330179170227 71.19362421600883 222.75353097133288
651.0751041486672 71.10756472420138 222.3260820374872
650.7862311638917 71.00568702253504 221.82768510031906
650.4559121084302 70.88726740094499 221.2588870548051
650.1006567906023 70.75560392231259 220.64232131693714
649.739652628317 70.6180837781454 220.00494688446028
649.3804138039905 70.47915437385181 219.36061943819206
649.0242721706519 70.33602278491212 218.70074363909342
648.6586302927633 70.18682391603072 218.0174405943575
648.282007583215 70.03117727730326 217.30294913459255
647.8971339022231 69.86725875794654 216.5529078589738
647.5243678124873 69.7044866968626 215.80021191773804
647.1643896549494 69.5466903023365 215.05063432014947
646.8203878115405 69.39459876343322 214.3105800562495
646.4735676940768 69.2371456366108 213.55043483565774
646.1303911085373 69.07805032693231 212.7753016355904
645.7787008392592 68.9138690318906 211.95723830292565
645.4119080285396 68.74255386266019 211.08429688081375
645.0216915923975 68.56295157258836 210.14902984593533
644.6132723958752 68.3782073514595 209.16942738180336
644.1995868950384 68.19378554888758 208.1711969070771
643.7930161104385 68.0131794927799 207.18744589319297
643.3983867725661 67.83892370264203 206.22465868806952
643.015780771544 67.66944398296216 205.28655692242143
642.6372288526828 67.49850408505763 204.3510461438118
642.2637633119422 67.32449807458477 203.4183502790178
641.8928048222352 67.14284815044053 202.48030751693685
641.5207681694225 66.95808360182556 201.54707319245088
641.1454462060739 66.76901125908374 200.6030107156222
640.7706608847795 66.58018057850411 199.64887740745294
640.3951824637942 66.39362232367425 198.6838195165562
640.0252331593013 66.21047067455545 197.72094097458265
639.6552822861116 66.03015953469153 196.7611573709998
639.2891391120138 65.8513860086683 195.80683786795313
638.9306937233736 65.67306729353548 194.85837906631974
638.5768213635661 65.49499972660848 193.9131481841542
638.2223543783904 65.31599681546358 192.95644350239678
637.861661524791 65.13491671455148 191.97553771830562
637.4900939286665 64.94969344195079 190.9507587008721
637.1086162399699 64.75831169198032 189.89236439798404
636.7204871743401 64.5584149338388 188.80700882654514
636.3341439120032 64.35057138481801 187.71633823813883
635.9507177255446 64.1385315421877 186.6348273554272
635.5811984920549 63.931254673149795 185.5900710115909
635.2196825836809 63.72881942062272 184.56458896393698
634.8606160846659 63.528047346778365 183.54424228469324
634.4978695371805 63.32678222585487 182.5204930450025
634.1398673049738 63.12683642733114 181.504244610637
633.78707090577 62.92807924292256 180.50239271206087
633.435154346718 62.729425105525756 179.50694738581453
633.076643706892 62.52593519992781 178.4938302537274
632.7251083941942 62.324915793650064 177.48969156773617
632.3929601088412 62.13717300353233 176.54310411931309
632.0713163356108 61.958099165444416 175.63440671099278
631.7469178200821 61.77611020100977 174.71517576407908
631.3899413880923 61.57550935529433 173.70386712350782
631.0041157400386 61.35708390805318 172.60551468596844
630.5960458030146 61.1266613648417 171.44428443039553
630.178603844052 60.88938361967195 170.24958053405817
629.760654928622 60.65223806130203 169.06109275510326
629.3508296475877 60.42080916883281 167.89923397735268
628.9617783310606 60.19980426165283 166.8000207050437
628.5881007114291 59.987549179294234 165.7510825074351
628.2290955947044 59.780696252397206 164.73826630583986
627.8746652936378 59.57214261454886 163.72273431541788
627.5229787145339 59.363420848398654 162.7122641987533
627.1726800367203 59.153362653762365 161.703312853738
626.8248637538469 58.9433463158752 160.69628570587045
626.4776797355386 58.73150190407555 159.67554745976247
626.1268270591654 58.51613791786523 158.63180322269278
625.7774793562445 58.2992016101668 157.57642580383003
625.4260099188443 58.08006277362792 156.5043448851324
625.0729476770538 57.85993677964108 155.4286552950255
624.7207148356745 57.63740582556474 154.35094445344527
624.3649851171086 57.41234191632675 153.27734686396204
624.0082819322479 57.1871103763931 152.20910860898263
623.6592725187749 56.96402764229392 151.15446584343465
623.3165213058938 56.74400303323787 150.103677265245
622.9732458284454 56.52459977374275 149.04229738402458
622.6179460544475 56.30133165835936 147.94647029706584
622.2535158184374 56.074216428397946 146.82551455761342
621.8895618063274 55.847665433942915 145.71006867001404
621.535253598383 55.630501189024486 144.63997801880242
621.1906452502155 55.42120496044007 143.60913315151487
620.8501924727746 55.21545436151389 142.6008542977519
620.5040817195292 55.00685643494886 141.5818849787635
620.1526886059952 54.794116612670564 140.55187455374843
619.7973662476777 54.57959383753951 139.51268059512836
619.4369701153465 54.3609647849271 138.4670468621244
619.071497867483 54.13647524546734 137.41870147216935
618.7028916732158 53.90329380949851 136.3611446051106
618.3287455676189 53.65897065359874 135.27796354383028
617.95312539856 53.41130899865391 134.18201813918301
617.5747626376244 53.16419401360147 133.0800279412495
617.2130009940556 52.932208908026396 132.0292650210581
616.8691020157818 52.710543379407355 131.02821817134236
616.5464376977332 52.50519646276985 130.10603112799677
616.2476329859494 52.313521562924095 129.25568610224147
615.977732014762 52.131345442979644 128.46988169500304
615.734823566442 51.96323537347014 127.75722887319782
615.5069510312047 51.80554623468762 127.09596047468973
615.2886557522612 51.65393640594529 126.46523460782056
615.0768429861293 51.50919087779968 125.85653060278791
614.8695130480046 51.36537461492375 125.25426622333474
614.658154911885 51.21728436238138 124.64570190945464
614.4323539507836 51.05987046223511 123.9998939819913
614.1953412454576 50.895695140244314 123.3215567535968
613.9704034011313 50.73590674635966 122.65517860258848
613.7498317453471 50.58222544324503 122.0086984167157
613.5231366576737 50.42880562540297 121.35609875330242
613.2813509928253 50.267426391958715 120.66757404421148
613.0195000377702 50.09181953539425 119.92469712236074
612.7531164532621 49.911703678435735 119.16950203127911
612.4831082747643 49.728177756798985 118.4009217951272
612.2164902835481 49.54726190315778 117.64414119717607
611.9490880321894 49.3655917553553 116.88328697418663
611.6825540422894 49.18489054391246 116.12953432446037
611.4196836977351 49.00400135927034 115.38048485126075
611.1615047192939 48.82476749524593 114.6502965253882
610.9087184488814 48.64817470574881 113.94394581615991
610.6519630955331 48.46492247804794 113.21977904088376
610.3931635094111 48.27396433457452 112.4741018717872
610.1385313798503 48.079580406073276 111.72172273657753
609.8985674396213 47.89500146762611 111.00907196705482
609.6778607261049 47.72287643697958 110.34462389678939
609.4630955089017 47.557090454672355 109.6989649840356
609.2537976254619 47.39638803193868 109.07047679526259
609.0503150113257 47.24091800848403 108.45555241977395
608.8647561353193 47.09852916054801 107.89064003822882
608.688103284634 46.96317660526317 107.35070356713784
608.5222333916997 46.836571571024265 106.84594119200952
608.3546928749874 46.709436408902484 106.34242583613346
608.1930026743098 46.589564059246484 105.86799520262504
608.0308556119791 46.471312355366145 105.40480293816253
607.8817786122775 46.36169338843744 104.97891933356287
607.7329755590127 46.24900783353144 104.5455453797937
607.5790809390473 46.13017439933739 104.08981012275693
607.4173079908638 46.00414383589194 103.60982961023029
607.2561165223179 45.878563219551516 103.13253732205034
607.0991867269177 45.75542297436955 102.6622236967139
606.9420676208729 45.63116362965369 102.18894706492753
606.7823666137431 45.50521592337855 101.71169309315675
606.622577399832 45.379714191634015 101.23706831899747
606.4649780910892 45.25590587889996 100.76812309926022
606.3154741789269 45.136918323828596 100.31383316746026
606.1727335362465 45.02352795550756 99.87770552471379
606.0322570003832 44.9125893302702 99.44929202643227
605.8880937262052 44.79886335363891 99.01145716498316
605.7383776843342 44.67890481649335 98.55401008240675
605.586612240883 44.55464327801556 98.08286827931275
605.4344510910212 44.42882100371 97.60722637914775
605.2848681550761 44.30434016648869 97.13835288809668
605.1381666687362 44.18261165964625 96.68156545667577
604.9955754076138 44.064264918594226 96.24023208049022
604.8557936154106 43.94759474169129 95.80745499089821
604.7181319693949 43.83243972306549 95.38222265151362
604.5835021567973 43.71988239655897 94.96761815762697
604.4531329639491 43.610510156598444 94.56556122436808
604.3257673949591 43.503833731468035 94.17442305361372
604.1999402437291 43.398085744452146 93.78736392009242
604.0754215969564 43.292406152103055 93.4003748951668
603.950659052794 43.18576753699106 93.00880046406368
603.8242289909701 43.07753717023396 92.60964938717233
603.6946478553818 42.966625368666534 92.19848358239315
603.5606319158775 42.851955263258 91.77118423760145
603.4189171306244 42.732766380304575 91.32405797492672
603.2708670649383 42.60965934180777 90.85911153205156
603.1193375970638 42.48412227382565 90.38136975041472
602.9647718106586 42.35599113517082 89.89064005328635
602.8056225123602 42.22484668791695 89.38585945525593
602.6425593298447 42.090589797876426 88.86629161473178
602.4762792599595 41.95494257692265 88.33753705889843
602.3065886501576 41.81813255481937 87.80137194450487
602.1343968036555 41.680491268113606 87.25948332079571
601.9568092955667 41.5398334844833 86.70502768133184
601.7736423365435 41.396385670272906 86.13850412573859
601.5875750141772 41.25217888329668 85.56791156346384
601.4033614543024 41.1095058942057 85.0029599255717
601.2233947297975 40.96965879229584 84.4488520710708
601.0455041096093 40.83145208141289 83.90106976591653
600.8660993062933 40.69215453798304 83.34929325458336
600.684519733646 40.55130176395613 82.79279478043402
600.5023173097688 40.4075381055281 82.22616904005658
600.3258422575918 40.2646552166485 81.66304952527975
600.1536647344747 40.12454240008001 81.11038506679694
599.9901779648151 39.99196527229681 80.58587700848767
599.8304220620871 39.86526214855174 80.08168913909235
599.6746544441854 39.742426750067104 79.59187923687284
599.5185137337512 39.61881702603221 79.10084088829797
599.3600229709473 39.494475588374506 78.60798147785393
599.1990713975039 39.36773983744222 78.10698283153671
599.0389832462943 39.23985489818037 77.59936190618052
598.8793973346205 39.112097051506986 77.0870958889248
598.7208233400869 38.986196864809585 76.57736366179027
598.5644487195913 38.86181844810753 76.07045000351008
598.4123752389575 38.740319830380216 75.57325436651793
598.2706372374377 38.6256833089743 75.1088223163915
