1.0 0.0 0.0 0.0 0.0 1.0 0.0 0.0 0.0 0.0 1.0 0.0
0.9999995690486052 -0.0008591146570791408 -0.0003518872120301369 -0.002474375811164213 0.0008597121788723363 0.9999981830097364 0.0017014323951920346 -0.019005072554005662 0.0003504248471457596 -0.0017017341836791482 0.9999984906504584 0.9998163254726151
0.999997642871437 -0.0020537082843306823 -0.0007046515835103137 -0.002474375811164213 0.0020549211494166834 0.9999964011035649 0.0017248417279977614 -0.019005072554005662 0.0007011067257963257 -0.001726285665765985 0.9999982641920732 0.9998163254726151
0.9999938705358368 -0.0033068084556497263 -0.001150612269654006 -0.002474375811164213 0.003307584647620286 0.9999943032304759 0.0006733427009432449 -0.019005072554005662 0.0011483790995440947 -0.0006771443211917662 0.9999991113501111 0.9998163254726151
0.9999936417917328 -0.003477568203792556 -0.0007892372871054114 -0.002474375811164213 0.0034782063248426412 0.9999936241018047 0.0008086015710531961 -0.019005072554005662 0.0007864202878957611 -0.0008113415599198461 0.9999993616337983 0.9998163254726151
0.999991388949269 -0.0040591874348791445 -0.0008631481218071172 -0.002474375811164213 0.004060673013029049 0.9999902652157094 0.0017263859639211985 -0.019005072554005662 0.0008561319950338174 -0.001729876060208586 0.9999981372816767 0.9998163254726151
0.9999832861982868 -0.005630837001298881 -0.0013118684153977543 -0.002474375811164213 0.0056346440204725155 0.9999798719458874 0.002916588735103692 -0.019005072554005662 0.0012954191742720962 -0.002923931899340389 0.9999948862426301 0.9998163254726151
0.9999865150542404 -0.005071905199117715 -0.0011160140347864116 -0.002474375811164213 0.005075645280508664 0.9999814255531028 0.0033743701296267076 -0.019005072554005662 0.001098878820038767 -0.0033799891177972155 0.9999936840495056 0.9998163254726151
0.9999908319479891 -0.004258152883728876 -0.00045183402546928404 -0.002474375811164213 0.004258889700331315 0.9999895819901462 0.0016424888718281248 -0.019005072554005662 0.00044483534953186464 -0.0016443981246820896 0.999998549037107 0.9998163254726151
0.9999990949971509 -0.0012836954456713241 -0.00040265479189130796 -0.002474375811164213 0.0012834742329055776 0.9999990255560471 -0.0005491637731002854 -0.019005072554005662 0.0004033593585612211 0.0005486464790552982 0.9999997681441075 0.9998163254726151
0.9999969397183192 0.002442463510262294 -0.00039360639838268867 -0.002474375811164213 -0.002442978777540278 0.9999961526577967 -0.0013139727155797511 -0.019005072554005662 0.00039039555363288257 0.001314930266531022 0.9999990592744107 0.9998163254726151
0.9999864163458588 0.005184188361688289 -0.0005397358582831424 -0.002474375811164213 -0.0051849428064152945 0.9999855697801451 -0.0014059159197142002 -0.019005072554005662 0.0005324395368275359 0.00140869532179431 0.9999988660421724 0.9998163254726151
0.9999808691781451 0.006168938254147138 -0.00045329740539293306 -0.002474375811164213 -0.006169237350310102 0.9999807513355361 -0.0006614143425804847 -0.019005072554005662 0.000449208455783475 0.0006641981884646126 0.9999996785262136 0.9998163254726151
0.9999942591499549 0.003387632951848812 7.490070635781054e-05 -0.002474375811164213 -0.0033877900539188424 0.9999918247375928 0.0022075634827537862 -0.019005072554005662 -6.742167922742878e-05 -0.0022078045573309607 0.9999975605237018 0.9998163254726151
0.9999997823486787 -0.0006000563043425674 0.00027429004007338597 -0.002474375811164213 0.0005990020135400594 0.9999924946812055 0.003827764079424595 -0.019005072554005662 -0.00027658485540662305 -0.0038275989460204636 0.9999926364664526 0.9998163254726151
0.9999960117332838 -0.002824211151919364 1.867870824481883e-05 -0.002474375811164213 0.0028241749936553898 0.999994543462073 0.0017137916113179497 -0.019005072554005662 -2.3518715704503347e-05 -0.001713732024319208 0.9999985312836315 0.9998163254726151
0.9999933425209832 -0.0036471999514578117 -0.00011334118493411481 -0.002474375811164213 0.003647133888105704 0.999993182308265 -0.0005777122060537355 -0.019005072554005662 0.00011544744413871431 0.0005772949894703128 0.9999998267011773 0.9998163254726151
0.9999992747147862 -0.0011984044742984117 0.00011998589729433482 -0.002474375811164213 0.001198656286375627 0.9999970321215678 -0.0021210778309104566 -0.019005072554005662 -0.00011744363202789488 0.0021212201143740966 0.9999977433135644 0.9998163254726151
0.9999988535015976 0.0013769504775098525 0.0006300816381691008 -0.002474375811164213 -0.0013766868341906712 0.9999989647239378 -0.00041866981527017736 -0.019005072554005662 -0.0006306574734627342 0.0004178019101701263 0.9999997138563175 0.9998163254726151
0.9999969682279979 0.001943227858342598 0.001512415386203004 -0.002474375811164213 -0.0019477470665967042 0.9999936260152794 0.002992358631396154 -0.019005072554005662 -0.001506590911435779 -0.002995295361879029 0.9999943791789644 0.9998163254726151
0.9999982480492632 -0.0003653443245903346 0.001835870890402861 -0.002474375811164213 0.00035674356226794935 0.9999889711264762 0.004682986167282924 -0.019005072554005662 -0.0018375615452333749 -0.004682323027800593 0.9999873495292989 0.9998163254726151
0.9999881045085431 -0.004745780344723219 0.0011262372432932894 -0.002474375811164213 0.004742393571252998 0.9999842816473923 0.00299101343444309 -0.019005072554005662 -0.0011404142334671796 -0.002985636794606071 0.9999948927011119 0.9998163254726151
0.9999875844802363 -0.004923665423960108 0.000767075076518138 -0.002474375811164213 0.004923092130357699 0.9999876021417473 0.0007474802172775576 -0.019005072554005662 -0.000770745908931001 -0.0007436945556495845 0.9999994264344122 0.9998163254726151
0.9999865861491174 -0.00500505490869861 0.001333021827465913 -0.002474375811164213 0.005007437577873925 0.999985860419011 -0.0017901203743196875 -0.019005072554005662 -0.0013240433283292 0.00179677138550288 0.9999975092578254 0.9998163254726151
0.9999965737476525 -0.001940054756635317 0.0017574642229539821 -0.002474375811164213 0.0019442208905442284 0.9999952969458585 -0.002371938298888059 -0.019005072554005662 -0.0017528542673254151 0.0023753470706855276 0.9999956426046129 0.9998163254726151
0.9999973545536595 -0.001091978636678513 0.0020244674207781535 -0.002474375811164213 0.0011010817725674831 0.9999892646561108 -0.004500910070343627 -0.019005072554005662 -0.002019530789781797 0.0045031272676037135 0.9999878215959442 0.9998163254726151
0.9999982125549928 -7.311910820513355e-05 0.001889322739362624 -0.002474375811164213 8.050832134874179e-05 0.999992347760181 -0.003911258044613548 -0.019005072554005662 -0.0018890222941117696 0.003911403159657096 0.9999905662155499 0.9998163254726151
0.9999984189267538 0.00015688842583758665 0.0017713074302802554 -0.002474375811164213 -0.00015208638281905373 0.9999963141408451 -0.00271082541971642 -0.019005072554005662 -0.0017717261986233863 0.0027105517419629154 0.9999947569340214 0.9998163254726151
0.9999983590959347 0.0010908872611894193 0.0014462954120802068 -0.002474375811164213 -0.001089158076887376 0.9999986918444186 -0.0011958445279170165 -0.019005072554005662 -0.0014475980516626898 0.0011942673213212007 0.9999982390911732 0.9998163254726151
0.9999899728550606 0.004182628668391256 0.0015999396097357414 -0.002474375811164213 -0.004181179996746793 0.9999908468384441 -0.0009077296768203149 -0.019005072554005662 -0.0016037216613994621 0.0009010309393910212 0.9999983081086089 0.9998163254726151
0.999977599918655 0.006427724754872023 0.0018665517402557505 -0.002474375811164213 -0.006425297905697793 0.9999785082773176 -0.0013032767525456334 -0.019005072554005662 -0.001874888729088259 0.0012912544080527493 0.9999974087237969 0.9998163254726151
0.9999607699990589 0.008658909915217028 0.001865942648164251 -0.002474375811164213 -0.008657260518930654 0.9999621289575962 -0.0008902195789197121 -0.019005072554005662 -0.0018735803141098203 0.0008740307039861785 0.9999978628812846 0.9998163254726151
0.9999552468644162 0.009342698673684646 0.0014893790028346384 -0.002474375811164213 -0.00934216976171597 0.999956295569017 -0.00036168498867728585 -0.019005072554005662 -0.0014926930242369018 0.0003477547706558512 0.9999988254663883 0.9998163254726151
0.9999603249060948 0.008819969861671493 0.0012476960102150863 -0.002474375811164213 -0.008819288294779841 0.999960957673127 -0.0005507117353958021 -0.019005072554005662 -0.0012525045581683648 0.0005396860950375581 0.9999990699851934 0.9998163254726151
0.9999679903999527 0.00798418433918451 0.0005205534702216045 -0.002474375811164213 -0.007983672035884511 0.9999676508333905 -0.0009789114224794213 -0.019005072554005662 -0.000528352439999544 0.0009747241597328194 0.9999993853780674 0.9998163254726151
0.9999716961892322 0.007523739302272278 1.2935953932149058e-05 -0.002474375811164213 -0.007523731315756098 0.9999715535360436 -0.0005344022818989051 -0.019005072554005662 -1.6956289401600433e-05 0.0005342898296360497 0.9999998571234214 0.9998163254726151
0.9999680532777986 0.007941274621902333 -0.0009102643498485538 -0.002474375811164213 -0.007940709296972376 0.9999682780024918 0.0006229964613514773 -0.019005072554005662 0.000915182860433122 -0.0006157484140711536 0.9999993916469267 0.9998163254726151
0.9999679581348915 0.0078083641172309905 -0.0017641296284943502 -0.002474375811164213 -0.0078078218087133215 0.999969469167975 0.00031408680362015413 -0.019005072554005662 0.0017665282722760182 -0.00030030272990651334 0.999998394596779 0.9998163254726151
0.9999633734517704 0.007938293524963135 -0.0031992578614451496 -0.002474375811164213 -0.007936001355329904 0.9999682440602572 0.0007285283332206903 -0.019005072554005662 0.003204939537755586 -0.000703112335018188 0.999994616983314 0.9998163254726151
0.9999660798159162 0.007100218842965446 -0.004174459242541654 -0.002474375811164213 -0.007093754921370042 0.9999736202716729 0.0015612180749514488 -0.019005072554005662 0.0041854341114346385 -0.0015315525273512291 0.9999900681947578 0.9998163254726151
0.9999735302060366 0.005409502999001431 -0.0048658159209947335 -0.002474375811164213 -0.005397947152641735 0.9999825870336289 0.0023849100750605607 -0.019005072554005662 0.004878632370909098 -0.0023585815297863643 0.9999853179118973 0.9998163254726151
0.9999798278781441 0.003364187742770022 -0.005387585509732375 -0.002474375811164213 -0.003350872650821351 0.9999913141534351 0.0024785621158043445 -0.019005072554005662 0.005395877062280932 -0.0024604590050089194 0.9999824151714942 0.9998163254726151
0.9999827946532459 0.0008280133071225946 -0.0058073050069338585 -0.002474375811164213 -0.0008170100889887365 0.9999978672502932 0.001896836676535334 -0.019005072554005662 0.005808863227415381 -0.001892059414022204 0.9999813384354631 0.9998163254726151
0.9999805603286015 -0.0006530692747251176 -0.006201005193886445 -0.002474375811164213 0.0006668109054474446 0.9999973262841673 0.002214223956932723 -0.019005072554005662 0.006199542572527016 -0.002218315811034734 0.9999783221384626 0.9998163254726151
0.9999786457666706 -0.002407614287564592 -0.0060754756269516055 -0.002474375811164213 0.0024251108470048064 0.9999929290392777 0.00287414488572843 -0.019005072554005662 0.006068512835210637 -0.002888817212411678 0.9999774136884707 0.9998163254726151
0.9999764087756506 -0.0038934733587290236 -0.005658865376860662 -0.002474375811164213 0.003914759866660579 0.9999852856111859 0.0037554249159683036 -0.019005072554005662 0.0056441604632541985 -0.00377748941996489 0.999976936747217 0.9998163254726151
0.9999708718826736 -0.005587814798306559 -0.005199203014033847 -0.002474375811164213 0.00560447467338989 0.9999791898072959 0.0031952802659047145 -0.019005072554005662 0.005181240183262615 -0.003224325995020334 0.9999813790626513 0.9998163254726151
0.9999587296501457 -0.007539637450674425 -0.005068812836826269 -0.002474375811164213 0.007551661900989482 0.9999687072735401 0.002357302741850498 -0.019005072554005662 0.005050881011817607 -0.002395483415924869 0.9999843750080343 0.9998163254726151
0.9999702029695494 -0.006497119202261364 -0.004169006489015349 -0.002474375811164213 0.006505024966838791 0.9999770643767366 0.0018855690555859993 -0.019005072554005662 0.004156660103334842 -0.0019126323625255467 0.9999895319523258 0.9998163254726151
0.9999767433703746 -0.005838524103550471 -0.0035248198066153797 -0.002474375811164213 0.005844746014438616 0.9999813749683966 0.0017574584886364967 -0.019005072554005662 0.00351449319298815 -0.0017780192925918486 0.9999922434624141 0.9998163254726151
0.9999912483280562 -0.00272666495415834 -0.003173100301035885 -0.002474375811164213 0.002736019933532525 0.9999919128406471 0.0029476173808864856 -0.019005072554005662 0.0031650374746573346 -0.0029562732499810707 0.9999906214491495 0.9998163254726151
0.9999974074711311 -5.856092343851667e-05 -0.0022763175594208984 -0.002474375811164213 6.85893222699322e-05 0.9999902924710576 0.0044057075653091285 -0.019005072554005662 0.002276037459698846 -0.0044058522744639455 0.9999877039840132 0.9998163254726151
0.9999922839071292 0.003532513722452004 -0.0017185671356483906 -0.002474375811164213 -0.0035240443214138856 0.999981753554136 0.004906492679539611 -0.019005072554005662 0.0017358680306257049 -0.004900398513831288 0.9999864863369837 0.9998163254726151
0.9999707574256198 0.007539169468812834 -0.0012826602625587334 -0.002474375811164213 -0.0075332979264165585 0.9999613975546296 0.004522479733704272 -0.019005072554005662 0.0013167064898676343 -0.004512684822858252 0.9999889509188137 0.9998163254726151
0.9999381980718078 0.011117530791768778 -2.3366578639958996e-05 -0.002474375811164213 -0.011117352475225672 0.9999304398617395 0.0039395319325104625 -0.019005072554005662 6.716282082178629e-05 -0.003939028687350614 0.9999922397409672 0.9998163254726151
0.999919681197204 0.012658049399810812 0.0006363488600163249 -0.002474375811164213 -0.012660324952155964 0.9999129757897162 0.003709045626035102 -0.019005072554005662 -0.0005893441994993737 -0.0037168041032822957 0.9999929189952661 0.9998163254726151
0.9999047608277805 0.013784914519794963 0.000667387158054412 -0.002474375811164213 -0.01378745892750791 0.9998970627435333 0.003971132479841621 -0.019005072554005662 -0.0006125767372705163 -0.003979955845502556 0.9999918923177372 0.9998163254726151
0.9999198672042469 0.012632661324597488 0.000821607020751582 -0.002474375811164213 -0.01263565622871198 0.999913141453283 0.0037482983729201316 -0.019005072554005662 -0.0007741846732717185 -0.003758379555162171 0.9999926375835031 0.9998163254726151
0.9999385963507038 0.011055087158879515 0.0007671871290785272 -0.002474375811164213 -0.011057395403828607 0.9999341441449826 0.0030726828538618677 -0.019005072554005662 -0.0007331678285537121 -0.0030809772713571194 0.9999949850094192 0.9998163254726151
0.9999462619303188 0.010357145900784712 0.00045031141423179866 -0.002474375811164213 -0.010358414801564547 0.9999421064191993 0.0029132546625199713 -0.019005072554005662 -0.0004201123405062546 -0.002917762622257072 0.9999956550740117 0.9998163254726151
0.9999435639951256 0.010606378015643946 0.0006112038223403929 -0.002474375811164213 -0.01060803567432459 0.9999398801888545 0.002775893914920902 -0.019005072554005662 -0.0005817248966896159 -0.002782220926510726 0.9999959604132711 0.9998163254726151
0.9999500464333413 0.00999517466407781 3.348716324567681e-05 -0.002474375811164213 -0.00999522628895472 0.9999471561285602 0.002404246624848705 -0.019005072554005662 -9.454528704027888e-06 -0.002404461235929762 0.99999710923421 0.9998163254726151
0.9999521750679017 0.009739925538690016 -0.000883983863078 -0.002474375811164213 -0.009737492903195782 0.999948901788976 0.0027157030353890618 -0.019005072554005662 0.0009103894384333302 -0.0027069653704832053 0.9999959217564606 0.9998163254726151
0.9999574675520843 0.009076819506836796 -0.0016353698233962386 -0.002474375811164213 -0.009070783901454459 0.9999521576934549 0.0036610385974524917 -0.019005072554005662 0.0016685221700878995 -0.0036460487982527224 0.9999919611486526 0.9998163254726151
0.9999748726202774 0.006606878914773704 -0.0025696846231564956 -0.002474375811164213 -0.006594868008755978 0.999967419752891 0.004654798458262735 -0.019005072554005662 0.0026003545919823412 -0.004637734764461178 0.9999858646862215 0.9998163254726151
0.9999811680978381 0.004679443516540517 -0.0039706747607132055 -0.002474375811164213 -0.004659655127039476 0.999976751625761 0.004978335272220575 -0.019005072554005662 0.003993878287692587 -0.00495973954569189 0.9999797247543881 0.9998163254726151
0.9999839003826023 0.0029421701883263957 -0.004852072771194216 -0.002474375811164213 -0.0029181318203932894 0.9999834715175558 0.004953907384176563 -0.019005072554005662 0.004866567812415502 -0.004939668640215217 0.9999759578067121 0.9998163254726151
0.9999838000319496 0.0017873712277838656 -0.0054041630019774885 -0.002474375811164213 -0.0017643771445849884 0.9999893838479449 0.004256661214366493 -0.019005072554005662 0.005411713864341759 -0.004247057274905148 0.9999763376488233 0.9998163254726151
0.9999833878939087 0.0006231827213615571 -0.005730233809546369 -0.002474375811164213 -0.0006017243390249607 0.9999928037012369 0.00374572737319455 -0.019005072554005662 0.005732526845649249 -0.0037422171276231607 0.9999765666989069 0.9998163254726151
0.9999821255366235 0.0009482703096284371 -0.005903337248732427 -0.002474375811164213 -0.0009298344707667883 0.9999946851470964 0.0031249136646796555 -0.019005072554005662 0.005906269136211128 -0.0031193686820589935 0.9999776925131459 0.9998163254726151
0.9999829711231403 0.0008543687015357335 -0.00577299903466194 -0.002474375811164213 -0.0008393137068766891 0.9999962423750025 0.00260974871816938 -0.019005072554005662 0.005775207029519582 -0.002604858919860873 0.9999799306454975 0.9998163254726151
0.9999818040345714 0.001764198646872475 -0.005768812953646295 -0.002474375811164213 -0.0017539007838996779 0.9999968604620834 0.001789664217624547 -0.019005072554005662 0.005771952165429832 -0.0017795137273953667 0.9999817587831761 0.9998163254726151
0.9999787964620218 0.003700487720089734 -0.005358452854594754 -0.002474375811164213 -0.003690263122530343 0.9999913539638146 0.0019167565568713745 -0.019005072554005662 0.0053654994593179866 -0.0018969418138884597 0.9999838063825368 0.9998163254726151
0.9999731257016811 0.005011514540310974 -0.005350943507218277 -0.002474375811164213 -0.004994103143016583 0.999982207969995 0.0032623116413478897 -0.019005072554005662 0.005367197425295898 -0.0032355008052247967 0.9999803621703465 0.9998163254726151
0.9999643228327298 0.006370583679728808 -0.0055469563956207345 -0.002474375811164213 -0.006345463884483417 0.9999695864346753 0.004534456279396676 -0.019005072554005662 0.005575674826069431 -0.004499096491364964 0.9999743346611429 0.9998163254726151
0.9999672791153815 0.006126079761549551 -0.005283166222198582 -0.002474375811164213 -0.006109988774929608 0.9999766626807922 0.003056489972171762 -0.019005072554005662 0.005301767228621352 -0.003024109874802981 0.9999813728383738 0.9998163254726151
0.9999664489988103 0.006021091634826293 -0.0055540374710760345 -0.002474375811164213 -0.006018272110483775 0.9999817526271411 0.0005242266205392765 -0.019005072554005662 0.00555709254100256 -0.0004907833233991469 0.9999844388060348 0.9998163254726151
0.9999659723587105 0.005795032094739281 -0.005871262872247793 -0.002474375811164213 -0.005799685207949748 0.9999828807405038 -0.0007758075833338572 -0.019005072554005662 0.005866666530729847 0.000809832660863341 0.9999824630436669 0.9998163254726151
0.9999743673259739 0.0037992164415247918 -0.006068825705533631 -0.002474375811164213 -0.0037987877849042545 0.9999927812046373 8.21582244061345e-05 -0.019005072554005662 0.006069094032799246 -5.9101937512749896e-05 0.9999815811326639 0.9998163254726151
0.9999839870159714 0.00166515831478531 -0.005408600505062904 -0.002474375811164213 -0.0016543748394330165 0.9999966362597392 0.0019976268648841567 -0.019005072554005662 0.005411908676919039 -0.0019886470243254545 0.9999833781255996 0.9998163254726151
0.999988262291312 5.1969916927138814e-05 -0.0048448507433048495 -0.002474375811164213 -4.11002261762488e-05 0.999997482219124 0.0022436279053076468 -0.019005072554005662 0.004844955146187756 -0.0022434024457960483 0.9999857466759705 0.9998163254726151
0.9999916431875093 -0.0012739700136716679 -0.003884656425544479 -0.002474375811164213 0.0012778345575783223 0.9999986910375344 0.0009925029242632 -0.019005072554005662 0.003883386921710632 -0.0009974585783277385 0.9999919621588973 0.9998163254726151
0.9999940517070445 0.0004687563121497269 -0.003417135941647618 -0.002474375811164213 -0.0004729303324200792 0.999999143002725 -0.0012207910180221054 -0.019005072554005662 0.003416560759675518 0.0012223998236358155 0.9999934164039517 0.9998163254726151
0.9999945410379721 0.0025407093750156144 -0.002112508017025012 -0.002474375811164213 -0.0025481566867199133 0.9999905224058586 -0.0035301552304402837 -0.019005072554005662 0.0021035188970417672 0.003535518960885791 0.9999915376211578 0.9998163254726151
0.9999896019132625 0.004531637190887 -0.0005102251660808981 -0.002474375811164213 -0.004533410319501198 0.9999834956774115 -0.003529385732997665 -0.019005072554005662 0.0004942228495111098 0.0035316620941713826 0.9999936415330991 0.9998163254726151
0.9999831030193327 0.005673542588776412 0.001266724245792536 -0.002474375811164213 -0.005671356080639894 0.9999824331983989 -0.001723082937383825 -0.019005072554005662 -0.0012764779779287391 0.0017158697782303806 0.9999977131948237 0.9998163254726151
0.9999816199104787 0.005702976402634958 0.0020581305497053156 -0.002474375811164213 -0.005704073884294029 0.9999835923671482 0.0005277666240693619 -0.019005072554005662 -0.0020550869400522164 -0.0005394966523910789 0.9999977427779683 0.9998163254726151
0.9999828381895468 0.004903234728915501 0.00320649583898678 -0.002474375811164213 -0.004905805927732183 0.9999876508436694 0.0007944988062111751 -0.019005072554005662 -0.0032025606273302057 -0.0008102156174678823 0.9999945435631548 0.9998163254726151
0.9999756793080586 0.005610439283520243 0.004142917260382043 -0.002474375811164213 -0.005610543263561838 0.9999842606874692 1.3476543210085843e-05 -0.019005072554005662 -0.004142776444385576 -3.672023197843612e-05 0.999991417990653 0.9998163254726151
0.9999563951989368 0.007574293505027226 0.005462396785376585 -0.002474375811164213 -0.007571156466234464 0.9999711615167991 -0.0005947474262862719 -0.019005072554005662 -0.005466744049707231 0.0005533648316998475 0.9999849041344866 0.9998163254726151
0.9999358482769803 0.009341115277248202 0.0064064729739419035 -0.002474375811164213 -0.009335292750413065 0.9999559851201486 -0.0009381533191583587 -0.019005072554005662 -0.006414954392106185 0.0008782868342966413 0.9999790382664949 0.9998163254726151
0.9999213972671743 0.009868414276472115 0.007733930884178041 -0.002474375811164213 -0.009852775266003711 0.9999493432074124 -0.002057629367853287 -0.019005072554005662 -0.007753844647075304 0.001981266949636778 0.9999679757244547 0.9998163254726151
0.9999018972139968 0.011115660899775356 0.00852279476478886 -0.002474375811164213 -0.011091655560735473 0.9999343993026174 -0.002858717934505577 -0.019005072554005662 -0.008554012202677258 0.002763905582365482 0.9999595940342633 0.9998163254726151
0.999908273935807 0.009654643818397682 0.00949902981607103 -0.002474375811164213 -0.00962579206840329 0.9999489325399382 -0.0030783825764533123 -0.019005072554005662 -0.009528265412058246 0.0029866645226739865 0.9999501447538607 0.9998163254726151
0.9999024018749768 0.009261590995144271 0.010459907116356618 -0.002474375811164213 -0.009238935399838895 0.9999548731153703 -0.0022121947234264483 -0.019005072554005662 -0.0104799235360655 0.0021153404112324655 0.9999428466355582 0.9998163254726151
0.999907824875767 0.007951968264453891 0.011004905857191357 -0.002474375811164213 -0.007938625976194708 0.9999677003868864 -0.0012555479144570377 -0.019005072554005662 -0.011014534480160664 0.0011680683526681028 0.999938655941708 0.9998163254726151
0.9999147292689693 0.0066466958637234185 0.01124080179750065 -0.002474375811164213 -0.006636610863149182 0.9999775410416784 -0.0009342421972756363 -0.019005072554005662 -0.01124675896455052 0.0008595617064402479 0.9999363837597205 0.9998163254726151
0.9999256771457765 0.004019261768176391 0.01151024410650809 -0.002474375811164213 -0.004012377277096389 0.999991757467447 -0.0006211487307685112 -0.019005072554005662 -0.011512645792292777 0.0005749191233147306 0.9999335620204293 0.9998163254726151
0.999933247241486 0.0021695096441785703 0.011348757156272623 -0.002474375811164213 -0.00216959163898103 0.9999976464203508 -5.0864875857943565e-06 -0.019005072554005662 -0.011348741481253113 -1.9536020590780475e-05 0.9999356007689376 0.9998163254726151
0.999935967464027 0.0013165010300886621 0.011239563906558156 -0.002474375811164213 -0.00131210080665319 0.999999059650991 -0.0003988591235692312 -0.019005072554005662 -0.011240078435892895 0.0003840861427394054 0.9999367545573024 0.9998163254726151
0.9999514493220781 4.116446059709432e-05 0.009853796433560274 -0.002474375811164213 -3.6864363946207696e-05 0.9999999040233503 -0.00043657107398723156 -0.019005072554005662 -0.00985381345903915 0.0004361866242272293 0.9999513548675973 0.9998163254726151
0.9999618542962296 -0.0008437879282172233 0.008693559361370898 -0.002474375811164213 0.0008419363991862852 0.9999996221061838 0.00021663467689255682 -0.019005072554005662 -0.008693738869854244 -0.00020930698914594585 0.999962186832606 0.9998163254726151
0.9999672887724246 -0.00217090396400522 0.007791569873689402 -0.002474375811164213 0.002168400431781079 0.9999975946505707 0.0003297463182741851 -0.019005072554005662 -0.007792266979831184 -0.00031284028838939 0.9999695908907777 0.9998163254726151
0.9999765619941211 -0.002558583719608925 0.006350520589545637 -0.002474375811164213 0.0025571826910769442 0.9999967042450392 0.00022872633945952617 -0.019005072554005662 -0.006351084875274736 -0.00021248153723984182 0.9999798090824155 0.9998163254726151
0.9999829580993539 -0.0028931711379414616 0.005070805815922968 -0.002474375811164213 0.0028954032159049545 0.9999957146113139 -0.00043289631532214735 -0.019005072554005662 -0.005069531642424308 0.00044757096541230446 0.9999870496807236 0.9998163254726151
0.9999874816043018 -0.002898549721400485 0.004078608119063359 -0.002474375811164213 0.002903070579732433 0.999995177831512 -0.001102948288220701 -0.019005072554005662 -0.004075391500874713 0.0011147749683138122 0.9999910741906074 0.9998163254726151
0.9999839746392544 -0.00489861272373017 0.002837967239693089 -0.002474375811164213 0.004909484718772714 0.999980588183939 -0.0038366932497545833 -0.019005072554005662 -0.0028191176752252116 0.003850564722156361 0.9999886127985927 0.9998163254726151
0.999945831613427 -0.010306248937716955 0.0014543286276934631 -0.002474375811164213 0.010312437008866438 0.9999375213211353 -0.0043135944496184575 -0.019005072554005662 -0.0014097807849484962 0.004328358461529604 0.999989638861907 0.9998163254726151
0.9998385681050784 -0.017955436157445378 0.0006633565961870122 -0.002474375811164213 0.017956627841051728 0.9998370802540116 -0.0018364274297590069 -0.019005072554005662 -0.0006302746668264889 0.0018480426193222827 0.9999980937443441 0.9998163254726151
0.9997008376167703 -0.0244389458153755 -0.0009865068433232305 -0.002474375811164213 0.024438437265734934 0.9997011992999195 -0.0005243112671230306 -0.019005072554005662 0.000999025689034986 0.0005000457273115379 0.999999375950777 0.9998163254726151
0.9996089732177155 -0.027890673321766427 -0.0020027491788795126 -0.002474375811164213 0.027882821099767547 0.9996037956257707 -0.0038470843588521543 -0.019005072554005662 0.00210925345398795 0.0037897377487712777 0.9999905944245989 0.9998163254726151
0.9996287168943402 -0.02718664847453527 -0.0018205781735656506 -0.002474375811164213 0.027173395954648624 0.9996066002052156 -0.006946321217498136 -0.019005072554005662 0.0020087091516167023 0.006894270874206536 0.9999742167259402 0.9998163254726151
0.9997156798874155 -0.023795309994424238 -0.0015305585587363465 -0.002474375811164213 0.023780674927302944 0.9996770580297354 -0.008958747066890494 -0.019005072554005662 0.0017432404407576546 0.008919802199372929 0.9999586982678286 0.9998163254726151
0.9997250958320575 -0.023429998800811723 -0.0008763103144579912 -0.002474375811164213 0.02342116513881426 0.9996850996189479 -0.00900836407944028 -0.019005072554005662 0.0010871003235841787 0.008985363434020342 0.9999590398895576 0.9998163254726151
0.9996486098003621 -0.026503250182783895 -0.00048441092264949246 -0.002474375811164213 0.02650032830688047 0.9996348709523625 -0.005278008684553551 -0.019005072554005662 0.0006241184347838348 0.0052633169955421345 0.9999859538865457 0.9998163254726151
0.9994975158026941 -0.03169419124030824 -0.00044061985408410775 -0.002474375811164213 0.0316930085307358 0.9994945921473686 -0.002472544929651455 -0.019005072554005662 0.0005187624732000188 0.0024573379461024485 0.9999968461828845 0.9998163254726151
0.9993785187682195 -0.0352453368811478 -0.0005851946374075579 -0.002474375811164213 0.035244493117005685 0.9993777469765782 -0.0013944722788770561 -0.019005072554005662 0.0006339791435151424 0.0013729807521568372 0.9999988564964963 0.9998163254726151
0.9993316067436918 -0.036533050326383654 -0.0012946029934047599 -0.002474375811164213 0.03653059238544342 0.99933077812951 -0.0018739538493837077 -0.019005072554005662 0.0013621978670563905 0.0018254086970146684 0.9999974061466662 0.9998163254726151
0.9993797466603639 -0.0352150871583076 -0.0001400053127846874 -0.002474375811164213 0.035214916026726224 0.999379179983548 -0.0010790294877862738 -0.019005072554005662 0.00017791651214196132 0.001073429940809272 0.9999994080467637 0.9998163254726151
0.9995154224167345 -0.03111198427373442 0.0009822350203817212 -0.002474375811164213 0.031113889314652213 0.9995138692017205 -0.0019877537863385876 -0.019005072554005662 -0.0009199145611474648 0.0020173517171171926 0.9999975420216044 0.9998163254726151
0.999615902584486 -0.02767361856435406 0.0014893407083005688 -0.002474375811164213 0.027679535352525583 0.9996083960110064 -0.004110711248027065 -0.019005072554005662 -0.001374999221433053 0.004150356593247538 0.9999904419129668 0.9998163254726151
0.999694447819235 -0.02465168546322724 0.00181807678718648 -0.002474375811164213 0.02466028073042241 0.9996840398145087 -0.0048673498368226546 -0.019005072554005662 -0.0016975139700916573 0.004910696891426353 0.9999865016600787 0.9998163254726151
0.9997297512840629 -0.023124014913210308 0.0023883742979514994 -0.002474375811164213 0.02313223595878304 0.9997263786383087 -0.0034738327928709846 -0.019005072554005662 -0.002307391826416435 0.003528142431836832 0.9999911140374901 0.9998163254726151
0.9997698736708543 -0.02138440590077353 0.001704958774465083 -0.002474375811164213 0.021390587754551174 0.9997643708239621 -0.0036939932965173853 -0.019005072554005662 -0.001625563184387331 0.0037296132816826534 0.9999917237303033 0.9998163254726151
0.999800803458265 -0.01990428493291475 0.0014740574969984213 -0.002474375811164213 0.019912947646380644 0.9997830118987974 -0.006115851093176115 -0.019005072554005662 -0.0013520060012961483 0.00614398566655349 0.9999802115641601 0.9998163254726151
0.9998695333511884 -0.016098561197614845 0.0013238592936150226 -0.002474375811164213 0.016109873245518522 0.9998294403385484 -0.00903118022808448 -0.019005072554005662 -0.001178244489034528 0.009051329165679836 0.9999583417224236 0.9998163254726151
0.999943511911711 -0.010582558178940476 0.0009911851739450271 -0.002474375811164213 0.010592275168236052 0.9998900944727889 -0.010373171258189111 -0.019005072554005662 -0.0008813015488769659 0.010383084203679832 0.9999457059610789 0.9998163254726151
0.9999796740317749 -0.006233749555047425 0.0013386148721005254 -0.002474375811164213 0.006245797135179038 0.9999382392434975 -0.009192807881928331 -0.019005072554005662 -0.0012812265361906955 0.00920098174614017 0.9999568492657428 0.9998163254726151
0.9999925571868947 -0.0034615507370271523 0.001703888874141588 -0.002474375811164213 0.003473695235174471 0.9999682121025251 -0.00717692314896674 -0.019005072554005662 -0.0016789914274817994 0.007182788523131891 0.9999727938983236 0.9998163254726151
0.9999962636887846 -0.002054667716351243 0.0018030388324387309 -0.002474375811164213 0.002063650726099212 0.9999853979842067 -0.004994513393901204 -0.019005072554005662 -0.0017927504390088313 0.004998215575240004 0.9999859018440846 0.9998163254726151
0.9999770399360965 -0.006750802176817194 0.0005884476160606598 0.010902773513826014 0.006753144841533487 0.9999688965674239 -0.004074424188934061 -0.02237202731693282 -0.0005609236816369198 0.004078304511876665 0.9999915263625648 2.0306623593554756
0.9999651287386975 -0.008313706364020951 -0.0007896790981076982 0.010902773513826014 0.008310289624938473 0.999956497902041 -0.004235727780310983 -0.02237202731693282 0.000824859342412734 0.004229017613124141 0.9999907174654641 2.0306623593554756
0.9999599280526678 -0.008625046608180812 -0.002398095055443587 0.010902773513826014 0.008604294157340585 0.9999265708798158 -0.00853340322382056 -0.02237202731693282 0.0024715199659645012 0.008512427358461173 0.99996071431308 2.0306623593554756
0.9999713913681987 -0.006282427082113594 -0.0042127847193193105 0.010902773513826014 0.006228092338772908 0.9998988211509021 -0.012788992409476015 -0.02237202731693282 0.004292704386875288 0.012762388921665268 0.9999093429496791 2.0306623593554756
0.9999858623621711 -0.001625466965900294 -0.0050628976794370294 0.010902773513826014 0.001557367066097503 0.9999086571038043 -0.013425798176701238 -0.02237202731693282 0.005084258411126093 0.013417723577523568 0.9998970522060789 2.0306623593554756
0.9999847787062364 0.0013315236652520128 -0.005354381435275755 0.010902773513826014 -0.0013979940022550077 0.9999217713362741 -0.012429674995339056 -0.02237202731693282 0.00533741216276253 0.012436971192736323 0.9999084126953608 2.0306623593554756
0.9999806997237362 0.003527170145626776 -0.005114611498146349 0.010902773513826014 -0.0035731251798123446 0.9999530799750903 -0.009003922743543275 -0.02237202731693282 0.005082613152952128 0.009022024112475269 0.9999463836248678 2.0306623593554756
0.9999767904236311 0.004063950351738936 -0.00546835638704733 0.010902773513826014 -0.004103259715326075 0.9999656855054667 -0.007196601370400553 -0.02237202731693282 0.005438922112490692 0.00721887242680288 0.9999591521692971 2.0306623593554756
0.9999798551743098 0.003266625808830366 -0.005442279060706005 0.010902773513826014 -0.0033006934515458267 0.9999749421008323 -0.006262634682812366 -0.02237202731693282 0.0054216850045391484 0.006280471817984877 0.999965579910356 2.0306623593554756
0.9999840759579582 0.0015946441703910952 -0.005413403777766844 0.010902773513826014 -0.0016257424715147445 0.9999821749256438 -0.005745153817757338 -0.02237202731693282 0.005404145807397685 0.005753863132122688 0.9999688436482151 2.0306623593554756
0.9999847553607896 -0.0008175088105427025 -0.005460835590836558 0.010902773513826014 0.0007893954734640513 0.9999864355917252 -0.0051483480200993515 -0.02237202731693282 0.00546497033769841 0.0051439587764938125 0.9999718364970652 2.0306623593554756
0.9999814032693778 -0.0032725905560345285 -0.0051461895070002055 0.010902773513826014 0.003246663204734697 0.9999820363187022 -0.00503847376989826 -0.02237202731693282 0.005162585924167383 0.005021672126641153 0.9999740649214997 2.0306623593554756
0.99997150984722 -0.0061286282174473706 -0.004406745968055171 0.010902773513826014 0.006110081512110892 0.9999724713392231 -0.004209924896603791 -0.02237202731693282 0.004432425720754124 0.0041828793781316 0.9999814283887164 2.0306623593554756
0.9999495220276516 -0.009375321343465436 -0.0036134120109957307 0.010902773513826014 0.009366090213950868 0.9999528520782739 -0.0025631961731495214 -0.02237202731693282 0.0036372724339178235 0.002529223245328082 0.9999901865913564 2.0306623593554756
0.9999301599160364 -0.011447221939002624 -0.00293877528103921 0.010902773513826014 0.011439913031009427 0.9999314569688615 -0.002491937793151174 -0.02237202731693282 0.002967099613449131 0.0024581444223729775 0.9999925768953896 2.0306623593554756
0.9999555662189865 -0.009028046495285899 -0.0027129253819216533 0.010902773513826014 0.009009130590060711 0.9999355716065857 -0.006905664473017795 -0.02237202731693282 0.002775095252440219 0.006880916529187348 0.9999724755382307 2.0306623593554756
0.9999953622440056 -0.0019549455047226153 -0.0023353112292227186 0.010902773513826014 0.0019271537453838523 0.9999279976913551 -0.011844218479483106 -0.02237202731693282 0.0023582978830953695 0.011839663045105179 0.9999271277498536 2.0306623593554756
0.9999798517030224 0.006235116995290368 -0.001191429410568233 0.010902773513826014 -0.006248874952599788 0.9999094824811279 -0.011915469195163432 -0.02237202731693282 0.0011170272208475623 0.01192267421215232 0.9999282984743544 2.0306623593554756
0.9999061796215061 0.013694923507145131 -0.0002846486268563887 0.010902773513826014 -0.013696801914038778 0.9998723615458432 -0.00822546254372849 -0.02237202731693282 0.00017196521439750384 0.008228589603575833 0.9999661297969548 2.0306623593554756
0.9998932215751943 0.014610132763923261 0.000299112993677618 0.010902773513826014 -0.014608072910119434 0.9998752471949598 -0.006007849254326792 -0.02237202731693282 -0.000386851153724956 0.006002838281226248 0.9999819079757162 2.0306623593554756
0.9999197564486415 0.012668053672430088 3.28607009929264e-05 0.010902773513826014 -0.012667662133256805 0.9999035989885646 -0.0056853377899124995 -0.02237202731693282 -0.00010487969745758795 0.005684465309959235 0.9999838377965857 2.0306623593554756
0.9999534915271743 0.009604157093986005 -0.0008803119399095569 0.010902773513826014 -0.009609067850206562 0.9999372701057838 -0.005755142781461791 -0.02237202731693282 0.0008249834226622474 0.0057633340957193805 0.9999830515476016 2.0306623593554756
0.999970822004976 0.00749027072128762 -0.0015003276967547143 0.010902773513826014 -0.007499531327841626 0.9999522527982327 -0.006264914492202874 -0.02237202731693282 0.0014533301547121058 0.00627598344912197 0.9999792497163166 2.0306623593554756
0.9999683335831097 0.007704517441628993 -0.001993048417249804 0.010902773513826014 -0.007717563761517381 0.999948284830446 -0.006623207246408346 -0.02237202731693282 0.0019419167306624686 0.006638378991405575 0.9999760801558093 2.0306623593554756
0.9999540567271515 0.009286224184040568 -0.0023770728426868353 0.010902773513826014 -0.009301706909966692 0.9999350404430076 -0.006587347174264425 -0.02237202731693282 0.0023157468464486807 0.00660915536486129 0.9999754778902862 2.0306623593554756
0.999943844839845 0.010283190442089439 -0.0025618667456693495 0.010902773513826014 -0.010297377056986008 0.9999313703086624 -0.005587369540281516 -0.02237202731693282 0.0025042349404912623 0.005613436288499161 0.9999811088917617 2.0306623593554756
0.9999502044825159 0.009535099585514446 -0.0029445596023492337 0.010902773513826014 -0.009552742710448824 0.9999361478896047 -0.006036990177177293 -0.02237202731693282 0.002886808283467252 0.006064818182403318 0.9999774419047404 2.0306623593554756
0.9999510261591307 0.00926329407521207 -0.003483771829524212 0.010902773513826014 -0.009288080038231296 0.9999311796480034 -0.007167114966876998 -0.02237202731693282 0.003417140981510561 0.0071991215173158015 0.9999682473943317 2.0306623593554756
0.9999523782970734 0.009021524916091676 -0.003721992234822071 0.010902773513826014 -0.00904898807697712 0.9999314607762745 -0.007428967936511118 -0.02237202731693282 0.0036547165130224033 0.007462294419761622 0.9999654780087172 2.0306623593554756
0.9999468996647504 0.009565444518322077 -0.00383407381271698 0.010902773513826014 -0.009594280019304688 0.9999252865336411 -0.007574374001874313 -0.02237202731693282 0.003761335101495085 0.0076107569778484825 0.9999639637189326 2.0306623593554756
0.9999467773802796 0.009502233542046247 -0.004018701840888757 0.010902773513826014 -0.0095330496322132 0.9999247598198715 -0.007719822787844596 -0.02237202731693282 0.003945043914003914 0.007757722402757397 0.999962126468617 2.0306623593554756
0.9999440215034436 0.009782384756322586 -0.004032221221568304 0.010902773513826014 -0.00981290088462164 0.9999228254102225 -0.007619068175307288 -0.02237202731693282 0.003957377380172979 0.0076582094585168755 0.9999628448058261 2.0306623593554756
0.9999326052634513 0.010779897074483525 -0.00431030742404696 0.010902773513826014 -0.010815583894307028 0.9999066990013191 -0.008343646523181383 -0.02237202731693282 0.004219961617312791 0.008389702696876215 0.9999559014339615 2.0306623593554756
0.9999344732332255 0.01039923022296811 -0.0047859430148123 0.010902773513826014 -0.010439802988253949 0.9999091031316033 -0.008532056499558582 -0.02237202731693282 0.0046967811677645745 0.008581461723668953 0.9999521482357782 2.0306623593554756
0.9999278431689133 0.010867874582693948 -0.005118374507531929 0.010902773513826014 -0.01091244523975122 0.9999020675185317 -0.008762072303284475 -0.02237202731693282 0.00502264814953766 0.008817294041442384 0.9999485128402128 2.0306623593554756
0.999936729979932 0.010105158839592175 -0.004941841948726818 0.010902773513826014 -0.01014861486518825 0.999909346967624 -0.008848924403044366 -0.02237202731693282 0.0048519741691152125 0.008898517382081165 0.9999486360484041 2.0306623593554756
0.9999529249412121 0.008283273284852143 -0.005053245014963546 0.010902773513826014 -0.008329370025651279 0.9999232597022325 -0.009170403558760242 -0.02237202731693282 0.004976896268625683 0.009212062209032618 0.9999451827042267 2.0306623593554756
0.9999618211205675 0.007324250422847469 -0.004765674869223012 0.010902773513826014 -0.0073682331872489525 0.9999298122537302 -0.009277914954942791 -0.02237202731693282 0.004697386604711461 0.009312675338276503 0.9999456028390398 2.0306623593554756
0.9999744877999591 0.00578966005057839 -0.004183728682173013 0.010902773513826014 -0.005824842189817663 0.9999473616753362 -0.008446602393314366 -0.02237202731693282 0.004134605501263494 0.008470756461242202 0.9999555746743574 2.0306623593554756
0.9999727306270182 0.005882129475302426 -0.004465260928400755 0.010902773513826014 -0.005920261990118453 0.9999457068885952 -0.008575183556523954 -0.02237202731693282 0.004414578155536613 0.008601385231194601 0.9999532627437218 2.0306623593554756
0.9999731654252674 0.00578024128223548 -0.004500804380037777 0.010902773513826014 -0.005819834807624294 0.9999440420493977 -0.00883415489540793 -0.02237202731693282 0.004449488977427625 0.008860111772610502 0.9999508490257002 2.0306623593554756
0.9999715312100483 0.006380620428350823 -0.0040279588326666725 0.010902773513826014 -0.006418642906722612 0.9999342888793441 -0.009498365469304527 -0.02237202731693282 0.0039670886862275346 0.009523949091722045 0.9999467768841779 2.0306623593554756
0.9999618854546755 0.007722665768337011 -0.004072845606933941 0.010902773513826014 -0.0077590898926550396 0.9999293552169534 -0.009004504397139441 -0.02237202731693282 0.004003019103770127 0.00903576276973065 0.9999511642221464 2.0306623593554756
0.999966128468208 0.007368918123898532 -0.003666191752165454 0.010902773513826014 -0.007393660670378995 0.999949669938825 -0.006781693823716106 -0.02237202731693282 0.003616033485981072 0.0068085706951252455 0.9999702833919214 2.0306623593554756
0.9999718369181689 0.00706161264279867 -0.0025414557567343863 0.010902773513826014 -0.007077323641203569 0.9999555674849925 -0.006226921055861723 -0.02237202731693282 0.002497370729008641 0.006244732391483692 0.9999773829726364 2.0306623593554756
0.9999707328618173 0.007470472688388511 -0.0016508959964603082 0.010902773513826014 -0.007482881923299215 0.9999427948804146 -0.0076428688891626555 -0.02237202731693282 0.0015937057134591099 0.007654998664070929 0.9999694300815172 2.0306623593554756
0.9999663482234672 0.008120459195188025 -0.001166431764641709 0.010902773513826014 -0.008130717941191442 0.9999257436661427 -0.009077366328530947 -0.02237202731693282 0.0010926327668236836 0.009086544786702741 0.9999581195517531 2.0306623593554756
0.9999608812802028 0.008754946039962089 -0.001259694064115401 0.010902773513826014 -0.00876585734310292 0.9999216680654932 -0.008934062802226033 -0.02237202731693282 0.0011813781520904983 0.008944755611587678 0.9999592970179899 2.0306623593554756
0.9999598884253109 0.008794120526515571 -0.0016985242367094898 0.010902773513826014 -0.008807416856664183 0.9999293232819405 -0.007986103507074377 -0.02237202731693282 0.0016281734338117254 0.00800074278288009 0.9999666680275866 2.0306623593554756
0.9999538301455452 0.009317390403838176 -0.0023502794078017154 0.010902773513826014 -0.009334875790324527 0.999927988005889 -0.007541809893261053 -0.02237202731693282 0.0022798401723670807 0.007563401255339494 0.999968798158343 2.0306623593554756
0.9999484085265252 0.00969637107496623 -0.0030266604077375213 0.010902773513826014 -0.009719667519536705 0.9999224992691745 -0.007779686278343507 -0.02237202731693282 0.002950991114341618 0.007808703045722143 0.9999651572970872 2.0306623593554756
0.9999331978201148 0.011137454269724394 -0.0030914413477362425 0.010902773513826014 -0.011160405672505392 0.9999095263392713 -0.007508960060590198 -0.02237202731693282 0.003007530954431872 0.007542960185242118 0.9999670287110489 2.0306623593554756
0.9999201174375989 0.012262580127659491 -0.0030639634737453783 0.010902773513826014 -0.012285603318322846 0.9998955561272975 -0.007611884653609843 -0.02237202731693282 0.002970302116046264 0.007648919236578452 0.9999663351032644 2.0306623593554756
0.9999191305592552 0.012229055096500178 -0.0034903514217107263 0.010902773513826014 -0.012253470961467974 0.9998999870499836 -0.007061752390978452 -0.02237202731693282 0.003403643782300476 0.007103950230802171 0.9999689740687577 2.0306623593554756
0.9999405878820812 0.010373096033210726 -0.003349564852583288 0.010902773513826014 -0.010395964001890646 0.9999222678315354 -0.0068834749292791455 -0.02237202731693282 0.0032779015371594243 0.006917887923083383 0.9999706986648154 2.0306623593554756
0.9999584185008302 0.008394482270660381 -0.00356285513370256 0.010902773513826014 -0.008416892180486045 0.9999445913804853 -0.0063221906747779975 -0.02237202731693282 0.0035095862032860905 0.006351915956125963 0.9999736676374887 2.0306623593554756
0.9999765622098266 0.005855615606749122 -0.0035477876007746507 0.010902773513826014 -0.005874989840775132 0.9999677520135017 -0.005475347242529338 -0.02237202731693282 0.003515611663001453 0.0054960621286004995 0.999978716661368 2.0306623593554756
0.9999860550670335 0.003514293911725917 -0.0039420058030184175 0.010902773513826014 -0.0035387077730761854 0.9999744968890878 -0.00620347634022545 -0.02237202731693282 0.003920104430472392 0.006217339439739564 0.99997298837096 2.0306623593554756
0.9999907984552057 0.0021723816266069258 -0.003699157061611034 0.010902773513826014 -0.0021989043209871785 0.9999717984790129 -0.0071810212662598745 -0.02237202731693282 0.003683452821095632 0.007189089282217029 0.9999673740530788 2.0306623593554756
0.9999926263766203 8.997911000043494e-05 -0.003839153048134648 0.010902773513826014 -0.0001113017590833625 0.9999845694176236 -0.005554146069300361 -0.02237202731693282 0.0038385940506463377 0.005554532419605896 0.9999772059228734 2.0306623593554756
0.9999910469929492 -0.002084658177372251 -0.0036824087507399987 0.010902773513826014 0.002071850847986964 0.9999918041422435 -0.003478373527268192 -0.02237202731693282 0.0036896297900584443 0.0034707129836717863 0.9999871703093997 2.0306623593554756
0.9999836463117839 -0.004097732539405037 -0.003989448207861926 0.010902773513826014 0.004079751392709493 0.9999815304494121 -0.00450492936856678 -0.02237202731693282 0.004007834520206921 0.004488579739473471 0.9999818947932927 2.0306623593554756
0.9999824150310951 -0.0045653961128091485 -0.003785074225256375 0.010902773513826014 0.0045439995702972105 0.9999737577391014 -0.005642331170458416 -0.02237202731693282 0.0038107343731431224 0.0056250325745862565 0.9999769183896572 2.0306623593554756
0.9999859018801933 -0.004133540502264297 -0.003333149224290893 0.010902773513826014 0.004114009084218429 0.9999744523926061 -0.0058454675906864165 -0.02237202731693282 0.0033572265473431704 0.005831672574395335 0.9999773600561654 2.0306623593554756
0.999996108062859 -0.001758427994576853 -0.002166054039460886 0.010902773513826014 0.0017458303973203872 0.9999816318169666 -0.005804145491866217 -0.02237202731693282 0.002176220424900579 0.0058003413395115635 0.9999808098683748 2.0306623593554756
0.9999992743132442 -0.0006512810370811488 -0.001013511703991042 0.010902773513826014 0.0006452684620382015 0.9999822596937044 -0.005921480091567746 -0.02237202731693282 0.001017350271677314 0.0059208218072886705 0.9999819542709529 2.0306623593554756
0.9999994061087265 0.0010871321539654842 -7.69795552572394e-05 0.010902773513826014 -0.0010875870811031397 0.9999803165078703 -0.006179300215282217 -0.02237202731693282 7.026032407692455e-05 0.006179380267418651 0.9999809049791903 2.0306623593554756
0.9999967079443342 0.0024814094731447495 0.0006532285196145298 0.010902773513826014 -0.0024771819340155747 0.9999764840339649 -0.006394915849760756 -0.02237202731693282 -0.0006690815630852439 0.006393276631453348 0.99997933895845 2.0306623593554756
0.9999917853108609 0.0036725828041756195 0.001715064524135319 0.010902773513826014 -0.003660046491180811 0.9999669742575932 -0.007256338869332593 -0.02237202731693282 -0.0017416573882097683 0.007250002044869914 0.9999722016635735 2.0306623593554756
0.9999916685361948 0.0034863503028847824 0.00212325687114651 0.010902773513826014 -0.0034694627803944452 0.9999627282382687 -0.007906007986571165 -0.02237202731693282 -0.0021507408469617715 0.007898575557263265 0.9999664928476245 2.0306623593554756
0.9999929353204577 0.002228293787443602 0.0030272125709816344 0.010902773513826014 -0.0022057300272166178 0.9999699150811778 -0.007436644914137661 -0.02237202731693282 -0.003043692527199652 0.007429915162957041 0.9999677656287095 2.0306623593554756
0.9999927295677316 0.0007476489267505442 0.0037392288960039106 0.010902773513826014 -0.0007228989105258867 0.9999778527790402 -0.006615993393062731 -0.02237202731693282 -0.0037440925228359526 0.006613242207434922 0.9999711229824032 2.0306623593554756
0.9999922525507328 -0.0004833709286108377 0.003906557440185148 0.010902773513826014 0.0005074496363694365 0.9999808672974064 -0.006165025059578851 -0.02237202731693282 -0.003903502703296437 0.00616695967751162 0.9999733652827877 2.0306623593554756
0.9999927384552331 -0.0010930941559314374 0.003650778265992539 0.010902773513826014 0.0011253062534452363 0.9999603552648422 -0.008832982759971783 -0.02237202731693282 -0.0036409782500215833 0.008837026862483914 0.9999543240736632 2.0306623593554756
0.9999921461915627 -0.002196164006466044 0.003299154259202522 0.010902773513826014 0.0022324825624879066 0.9999365056039979 -0.011045396419568773 -0.02237202731693282 -0.003274687279342581 0.011052674975495055 0.9999335551920993 2.0306623593554756
0.9999949723491567 -0.0019447516417039562 0.002504639183075665 0.010902773513826014 0.001971910550943874 0.9999387904143319 -0.01088701031018929 -0.02237202731693282 -0.0024833133439759437 0.010891894498533394 0.9999375979475271 2.0306623593554756
0.9999918591428414 -0.0035996609894950998 0.001823208375756105 0.010902773513826014 0.003619193224619849 0.999934852041148 -0.010825576836419014 -0.02237202731693282 -0.0017841211908258573 0.010832087250344197 0.9999397395830307 2.0306623593554756
0.9999941035365887 -0.0033715393840107826 0.000652391150597827 0.010902773513826014 0.0033787982996131287 0.9999285630214192 -0.011465276968348287 -0.02237202731693282 -0.0006136889128986055 0.011467413661871735 0.9999340587307884 2.0306623593554756
0.9999961520124674 -0.002771066489066429 0.00013096086550334408 0.010902773513826014 0.0027724052434935035 0.9999281634735041 -0.011661117513420999 -0.02237202731693282 -9.863772576395494e-05 0.011661435718175676 0.9999319982816793 2.0306623593554756
0.9999932090040017 -0.003680514889662216 -0.00018909257697909384 0.010902773513826014 0.003678204007861085 0.9999323365589774 -0.011035991979481284 -0.02237202731693282 0.0002296979151265307 0.011035221513028678 0.9999390837071168 2.0306623593554756
0.9999927236796718 -0.003683605267728645 -0.0009917862266575605 0.010902773513826014 0.0036725970198021192 0.9999340512003652 -0.010881419077792205 -0.02237202731693282 0.0010318036721809315 0.010877697469960368 0.9999403037576475 2.0306623593554756
0.9999880150243681 -0.004563892190134979 -0.0017722008005115009 0.010902773513826014 0.00454715974850937 0.999946102470698 -0.009333568014028026 -0.02237202731693282 0.0018147026814314465 0.009325397671295714 0.9999548708879081 2.0306623593554756
0.9999924458579544 -0.003234383388880228 -0.002155688079628534 0.010902773513826014 0.0032175394092132745 0.9999646216413212 -0.007771930639815398 -0.02237202731693282 0.002180749218282648 0.007764935918196429 0.9999674745225646 2.0306623593554756
0.9999932631897298 -0.003386798761009594 -0.0014153336300338523 0.010902773513826014 0.003375884243246641 0.9999650846508966 -0.007644140546312871 -0.02237202731693282 0.0014411733788965136 0.007639311046686987 0.9999697815164348 2.0306623593554756
0.9999963571173179 -0.002608034349468969 -0.0006956356099229636 0.010902773513826014 0.0026023412346504802 0.999964106432264 -0.008063105308301628 -0.02237202731693282 0.0007166394966857542 0.008061265654122145 0.999967250675685 2.0306623593554756
0.9999922870254143 -0.003901199397903427 -0.00045445892614021305 0.010902773513826014 0.0038974356093247247 0.999960343123351 -0.008007632377386857 -0.02237202731693282 0.00048568027432715376 0.008005799390319318 0.9999678351281084 2.0306623593554756
0.9999814505785151 -0.006084381866602961 -0.0002807065489940228 0.010902773513826014 0.006081670170286794 0.9999426223545423 -0.008818462828124572 -0.02237202731693282 0.00033434533803514734 0.008816592086094303 0.9999610772011004 2.0306623593554756
0.9999709311904094 -0.007622597124534464 0.00018107246872143428 0.010902773513826014 0.007624113831120767 0.9999119950270386 -0.010857029489113565 -0.02237202731693282 -9.82977716798008e-05 0.010858094405303087 0.9999410443238321 2.0306623593554756
0.9999607561678898 -0.008854849081987767 -0.00027887605342991366 0.010902773513826014 0.0088509747066614 0.9998921985393125 -0.011715440535963228 -0.02237202731693282 0.00038258444805819655 0.011712512452285806 0.9999313329830191 2.0306623593554756
0.9999608174892866 -0.008468561888989532 -0.00257816711365755 0.010902773513826014 0.00843590214356052 0.9998872142340139 -0.01242555295981194 -0.02237202731693282 0.002683102897349145 0.012403316929968702 0.9999194761019403 2.0306623593554756
0.9999604315195106 -0.007892372986987873 -0.004104368882669508 0.010902773513826014 0.007844395950943021 0.9999022161679363 -0.011576854261982126 -0.02237202731693282 0.004195336393603021 0.011544199888805062 0.9999245624553252 2.0306623593554756
0.9999689615344219 -0.006382736170078826 -0.004619160825333702 0.010902773513826014 0.006344180922097691 0.9999453139494696 -0.008313872678357596 -0.02237202731693282 0.004671973477528465 0.0082843098365217 0.999954770414322 2.0306623593554756
0.9999587413154257 -0.008004166269761503 -0.004295228651969855 0.010902773513826014 0.00798099903557687 0.9999536569362909 -0.00538401654159256 -0.02237202731693282 0.004338124161512319 0.0053495141884225585 0.9999762814070685 2.0306623593554756
0.9999502297735193 -0.008858093479534679 -0.004590441783871904 0.010902773513826014 0.008836631464548949 0.9999500290785167 -0.004674750284283737 -0.02237202731693282 0.00463162177027709 0.004633953578598969 0.9999785370466759 2.0306623593554756
0.9999431408231296 -0.009843265782206387 -0.004101858053910783 0.010902773513826014 0.009819008788586953 0.9999344310603969 -0.005892422788274342 -0.02237202731693282 0.004159589783033404 0.00585181156968312 0.9999742267249648 2.0306623593554756
0.9999350313815909 -0.01083243413772383 -0.003548434376924055 0.010902773513826014 0.010811302291829384 0.9999240242641987 -0.005921270305516712 -0.02237202731693282 0.003612306552606987 0.005882522412053282 0.9999761733018657 2.0306623593554756
0.9999346002427301 -0.010916904058574222 -0.0034082903583057245 0.010902773513826014 0.010897250935632517 0.9999241910123966 -0.005732551808448495 -0.02237202731693282 0.00347061369736733 0.005695035905654928 0.9999777604560006 2.0306623593554756
0.9999412090750267 -0.010468070535378888 -0.002828054599682 0.010902773513826014 0.010451560600812008 0.9999286123862612 -0.0057909422618645226 -0.02237202731693282 0.0028884727036755926 0.005761044222980713 0.9999792333318241 2.0306623593554756
0.9999583412125284 -0.008872444818905508 -0.002143726289269124 0.010902773513826014 0.008857913530416671 0.9999383518934983 -0.0066955044909139515 -0.02237202731693282 0.002202999626732363 0.006676236622211307 0.9999752870232397 2.0306623593554756
0.9999666685965803 -0.00804024558777842 -0.0014199108155379062 0.010902773513826014 0.008029657996987169 0.9999410343513365 -0.007311115702577864 -0.02237202731693282 0.0014786102553444854 0.007299470614595139 0.9999722653356249 2.0306623593554756
0.9999589435251192 -0.009046708767335238 -0.0005180005649040564 0.010902773513826014 0.009043841703952758 0.9999450961038732 -0.005292797467848009 -0.02237202731693282 0.0005658545219103866 0.005287895449129316 0.9999858588852051 2.0306623593554756
0.9999448138324428 -0.010495329432300105 -0.0004662077725906291 0.010902773513826014 0.010493286721211139 0.9999361783566864 -0.004186901861442587 -0.02237202731693282 0.0005101209327804252 0.004181778750544585 0.9999911262121869 2.0306623593554756
0.9999302142711732 -0.01179961068674498 -0.0005794611508143999 0.010902773513826014 0.01179631318952347 0.9999158519980349 -0.00539776973984255 -0.02237202731693282 0.0006431039718225824 0.0053905575473301845 0.9999852640447321 2.0306623593554756
0.9999470205145845 -0.010279588802746126 -0.0005349934862010231 0.010902773513826014 0.01027655739091289 0.9999326669814695 -0.005390164329849708 -0.02237202731693282 0.0005903661363641868 0.005384380870451644 0.9999853298476278 2.0306623593554756
0.9999617485811858 -0.008663320304304573 -0.0012034349758274015 0.010902773513826014 0.00865402544120726 0.9999342369622853 -0.007525263736319127 -0.02237202731693282 0.001268549604409213 0.007514561327405794 0.9999709606533381 2.0306623593554756
0.9999755624651258 -0.006732550126087195 -0.0018834121519795282 0.010902773513826014 0.006712330357518962 0.9999218857936022 -0.010543573024532293 -0.02237202731693282 0.001954250164629126 0.010530673281034554 0.99994264126826 2.0306623593554756
0.9999822087624085 -0.005312923447569587 -0.002712010891297161 0.010902773513826014 0.005285272192413902 0.999934993789454 -0.010103172428606533 -0.02237202731693282 0.0027655119754364126 0.010088658964915342 0.9999452839549798 2.0306623593554756
0.9999791654811144 -0.005036858786201421 -0.0040371595511105125 0.010902773513826014 0.0050107183682873875 0.9999665856568847 -0.006459123093079342 -0.02237202731693282 0.004069558342978091 0.006438759450838082 0.9999709901150279 2.0306623593554756
0.9999793181920231 -0.0036297868624648047 -0.005309221744212266 0.010902773513826014 0.0036108104788359 0.9999870746742546 -0.003579459749461842 -0.02237202731693282 0.005322145796764604 0.0035602151262533804 0.9999794996060543 2.0306623593554756
0.9999731010376379 -0.002821968364917348 -0.006770058766148015 0.010902773513826014 0.0027884932737140956 0.9999838660520587 -0.004948933301784162 -0.02237202731693282 0.00678391527158963 0.0049299219172807855 0.999964836563506 2.0306623593554756
0.9999607756050515 -0.003033212137742836 -0.008321470750487883 0.010902773513826014 0.0029783244814134886 0.9999737818724103 -0.006600390220064651 -0.02237202731693282 0.008341272960834999 0.006575347283693618 0.9999435923958379 2.0306623593554756
0.9999367964623125 -0.00416477300900917 -0.010443071696150856 0.010902773513826014 0.004112016972611794 0.9999787022735838 -0.005068166891589003 -0.02237202731693282 0.01046395704714186 0.005024904477450372 0.9999326256993067 2.0306623593554756
0.9999162900010027 -0.0057935909630500056 -0.0115692391436634 0.010902773513826014 0.005737168971994392 0.9999715167202073 -0.004904145232347733 -0.02237202731693282 0.011597322225287207 0.00483736002650993 0.9999210479158734 2.0306623593554756
0.9998978439732356 -0.006053437291890489 -0.012948262995756438 0.010902773513826014 0.005978000370387946 0.9999649799844815 -0.005856817923871697 -0.02237202731693282 0.012983263427416883 0.0057788148936383475 0.9998990149856138 2.0306623593554756
0.9998837563820135 -0.006877834701992916 -0.013607685813053409 0.010902773513826014 0.00678182521438683 0.9999518742909895 -0.007089143014775817 -0.02237202731693282 0.013655788887359398 0.006996034000386674 0.9998822805401297 2.0306623593554756
0.9998772780719358 -0.006867058416365557 -0.014080919861439773 0.010902773513826014 0.006764487701781152 0.9999503349283123 -0.0073191107979915454 -0.02237202731693282 0.01413048129295041 0.0072229623733699455 0.9998740712274641 2.0306623593554756
0.9998716205528824 -0.007505288461778744 -0.01415673189827462 0.010902773513826014 0.00740001837084899 0.9999446892824241 -0.007473827933006285 -0.02237202731693282 0.014212042113825046 0.007368108370989664 0.9998718562085791 2.0306623593554756
0.9998625927004859 -0.008783349310805592 -0.014058751478261454 0.010902773513826014 0.008668338097178612 0.9999286358706982 -0.008220892918835732 -0.02237202731693282 0.014129955161855305 0.00809789729710209 0.9998673754186057 2.0306623593554756
0.9998655416393952 -0.00894413483291839 -0.013744129446077086 0.010902773513826014 0.008825958143581867 0.9999237660792102 -0.00863507341032658 -0.02237202731693282 0.013820314938074858 0.008512607241300388 0.999868258528577 2.0306623593554756
0.9998585599582452 -0.009883267807205174 -0.01360812608906358 0.010902773513826014 0.00977167310688466 0.9999182819252139 -0.008242807555988692 -0.02237202731693282 0.013688479933756407 0.008108667533203525 0.9998734295039249 2.0306623593554756
0.9998608578266734 -0.009810156761066129 -0.013491694126846393 0.010902773513826014 0.009687782611706585 0.9999116101502704 -0.009105973574887296 -0.02237202731693282 0.013579832626260857 0.008974001950168635 0.9998675189418059 2.0306623593554756
0.9998470882995328 -0.011112561619543885 -0.013502258817620473 0.010902773513826014 0.010974291501132548 0.99988702097025 -0.010271816843775892 -0.02237202731693282 0.013614879543140137 0.010122068438606488 0.9998560790361539 2.0306623593554756
0.9998372004525514 -0.012288001203708604 -0.013212782356571327 0.010902773513826014 0.012178673430043294 0.9998911956802462 -0.008323263458361927 -0.02237202731693282 0.013313621020169258 0.00816099427341405 0.9998780653998778 2.0306623593554756
0.9998212486502757 -0.013224588683341306 -0.013512253755016627 0.010902773513826014 0.013119165727573857 0.9998830384136123 -0.007861105733966495 -0.02237202731693282 0.013614633230308891 0.007682431054340495 0.9998778035415632 2.0306623593554756
0.9998134834870279 -0.013723464421117304 -0.01358914131932258 0.010902773513826014 0.013601273405079937 0.9998665988394938 -0.009043776140998652 -0.02237202731693282 0.013711440452202999 0.008857259700983743 0.9998667637997157 2.0306623593554756
0.9998309300675617 -0.01206153898400715 -0.0138791410955906 0.010902773513826014 0.011926143058350509 0.999880884714403 -0.009797116641145137 -0.02237202731693282 0.013995656182032353 0.00962993562106289 0.9998556825602234 2.0306623593554756
0.9998494258698933 -0.01060261148259939 -0.013737183749702356 0.010902773513826014 0.010479325484231061 0.9999044455783928 -0.009015733467027652 -0.02237202731693282 0.013831461420235358 0.008870419511053149 0.9998649940530371 2.0306623593554756
0.999866927334122 -0.008798216091451731 -0.013737504031280786 0.010902773513826014 0.008687775288884014 0.9999296281143221 -0.008078451563825365 -0.02237202731693282 0.013807613259759618 0.007958028194685073 0.9998730017373822 2.0306623593554756
0.9998791315629072 -0.008326217372496765 -0.01312997978871291 0.010902773513826014 0.008216798418465392 0.9999312484314264 -0.008365562390223884 -0.02237202731693282 0.013198730572910437 0.008256664860609384 0.9998788031539847 2.0306623593554756
0.9998766297648717 -0.008477075237641567 -0.013223632081868239 0.010902773513826014 0.008356934781928779 0.9999235432353966 -0.009114237467060464 -0.02237202731693282 0.01329988312248411 0.009002604010552138 0.9998710247976781 2.0306623593554756
0.9998761682176612 -0.008435010023609172 -0.013285286457136452 0.010902773513826014 0.008313842005669023 0.9999235809631553 -0.009149440688409225 -0.02237202731693282 0.013361446832257512 0.0090378559242561 0.9998698859845929 2.0306623593554756
0.9998769517357918 -0.008592303900332774 -0.01312454575231568 0.010902773513826014 0.008469301215477875 0.999919962021904 -0.00939896201829032 -0.02237202731693282 0.013204254028218234 0.00928664976103534 0.9998696944161153 2.0306623593554756
0.9998996734024378 -0.006828816532955538 -0.012410092442705424 0.010902773513826014 0.006712504353714846 0.9999333829205551 -0.00938999501286477 -0.02237202731693282 0.012473388271778617 0.009305750147061895 0.9998789014671844 2.0306623593554756
0.9999094988315651 -0.0058264637167148685 -0.012126271766080476 0.010902773513826014 0.00571863814976018 0.9999439738380639 -0.00890765752815646 -0.02237202731693282 0.012177492521002716 0.008837505614405838 0.9998867971777693 2.0306623593554756
0.9999216723380081 -0.00423406771597456 -0.011778024423303656 0.010902773513826014 0.004120414270972699 0.9999448787664265 -0.009657205341991888 -0.02237202731693282 0.011818264465432559 0.00960791857575796 0.999884001535012 2.0306623593554756
0.999927673926345 -0.003322881580717055 -0.011558779097632862 0.010902773513826014 0.003203668146313668 0.9999416469161708 -0.010316941066470757 -0.02237202731693282 0.011592386580665455 0.010279164390225444 0.9998799704728586 2.0306623593554756
0.9999357849632615 -0.0022854392067799072 -0.01109967195533206 0.010902773513826014 0.002172346077539567 0.9999457182599122 -0.010190262321079765 -0.02237202731693282 0.011122358670859 0.010165495624175817 0.9998864714737933 2.0306623593554756
0.9999392975305481 -0.0013969956638126522 -0.010929302686250003 0.010902773513826014 0.00129745401043954 0.9999576652586997 -0.00910957207804687 -0.02237202731693282 0.010941566029739561 0.009094838836923969 0.9998987778967173 2.0306623593554756
0.9999377123489972 -0.0010247440742979456 -0.01111401465784342 0.010902773513826014 0.0009259426260395096 0.9999600427980925 -0.00889131247201513 -0.02237202731693282 0.011122681892683315 0.00888046771312825 0.9998987064901685 2.0306623593554756
0.9999383761574319 -0.00031148400720162607 -0.011097155731579413 0.010902773513826014 0.0002047298389015895 0.9999537077416801 -0.009619795182007842 -0.02237202731693282 0.011099638431530619 0.009616930454358288 0.9998921505219086 2.0306623593554756
0.9999423448025928 0.0005333479817451543 -0.010724859467729485 0.010902773513826014 -0.0006356124405005519 0.9999543471772565 -0.009534125975495212 -0.02237202731693282 0.010719284840773715 0.009540393137679758 0.9998970336146031 2.0306623593554756
