-0.030885331109575143 -0.07131031108817582 1.3138417005232248
0.020211235130916595 -0.059553801087604295 2.598035335523001
-0.01880685919382684 -0.08523379128753747 3.8605113029144276
0.00030610798368598495 -0.1263382565436805 5.170449256852017
0.0007543723911222685 -0.17660622067199017 6.498733520445025
-0.0594655634458803 -0.12637743073238505 7.878629207555925
-0.029963245914086348 -0.19144227773491185 9.187960624621516
-0.05808669150196357 -0.19916502757929805 10.485026359477251
-0.05612502045770517 -0.19267794068699592 11.823938369672767
-0.11326616778255777 -0.21708930559816633 13.169446945093783
-0.10368758192693427 -0.2552549787280295 14.526836395155062
0.009933025474692448 -0.2772428337023424 15.814538001917086
0.031021359493856617 -0.29581313716143676 17.098983764548343
-0.039030310337955544 -0.3039262228785621 18.52302741992902
0.018270495923302064 -0.3410090137545359 19.791152953983193
0.11353141428288864 -0.32712196552805173 21.075935363672347
0.12846798086603176 -0.3770723560994772 22.430458068735224
0.1497144143446731 -0.39176841724903305 23.725517272835173
0.20026214848465296 -0.4350411206379715 25.119167327760014
0.2603069588814337 -0.4440446103849815 26.41558837879243
0.28325561161380414 -0.4683615764444079 27.746000289798424
0.3184614230973159 -0.5131328002405343 29.047843932976953
0.34630331914527424 -0.5261669050616752 30.393608093133302
0.3613616579981386 -0.5671602374828915 31.632785796978688
0.36370480623149315 -0.5949549557224074 33.0442275999477
0.37827504265714573 -0.6234227892584047 34.334465026697856
0.4017391861449892 -0.6495475642248874 35.577789306477705
0.29459599288911015 -0.6826002466265358 36.91455078105704
0.31963533813908934 -0.7064622504376714 38.230072021287185
0.3753581114223682 -0.7361373164722985 39.4533843992158
0.3612145905302749 -0.7824915137877949 40.64469957448383
0.4034825830130434 -0.7861358431688108 41.92697253865673
0.38108704108747776 -0.8239777708348228 43.220729979576156
0.3775262718384002 -0.8572700105434663 44.496803995011604
0.4098057329005688 -0.8852136705046102 45.82374400056039
0.38387030685738854 -0.9049901110212196 47.17792119866323
0.36819447423844626 -0.9182961207835316 48.51320834560977
0.3699863858260669 -0.9783208241870325 49.85817218421866
0.37384113933295116 -0.9286262888551391 51.167942280884105
0.33338507140952534 -0.9782502699787743 52.58062354294418
0.40683857404786256 -0.9818677080101904 54.01819071275478
0.3878401032167335 -1.0085407399373847 55.36127412658303
0.4023192702444753 -1.0194281906568294 56.688933135980974
0.3921975482830194 -1.0411711512650061 58.187752366416476
0.4213939969915793 -1.034735336947503 59.49883866069379
0.385732446262392 -1.0220136964216808 60.9062719250078
0.4177854819675126 -1.0676750968892328 62.304568396265665
0.45107442537609316 -1.0916254803646432 63.677306993770756
0.47760063494383087 -1.11535996128008 65.10864737416239
0.5076868519743477 -1.1284500149879633 66.51467013965043
0.4651914127106296 -1.130655354615122 67.89234808316283
0.5463747329895112 -1.1606940036095037 69.31301349666279
0.5676926095869661 -1.1977331892769985 70.71845682534568
0.5709171697221708 -1.2014670888900523 72.15745481930483
0.6148644869984277 -1.1995170987440618 73.48181574287904
0.6367255011969325 -1.212432817064877 74.88306138851976
0.6948092579069414 -1.2308630344370028 76.29930931656592
0.7495767150117766 -1.2534634639543796 77.72934394360492
0.8035289555864215 -1.2679463160849251 79.11300633724312
0.8545312033407929 -1.274710763218732 80.47092524943636
0.8201962853465019 -1.3191534927027422 81.73708339860968
0.8848505755795067 -1.3059332234583632 82.96738083498349
0.8668632259758311 -1.3225431652231454 84.21403157927739
0.8057886421201476 -1.3651802515063718 85.49010347572495
0.821771817484004 -1.37666398839936 86.79303463820597
0.7723034842974436 -1.4272011592078695 88.00376224937813
0.7618237351786056 -1.519563838078858 89.30899014269824
0.7352822641797431 -1.512899687733169 90.6266639405865
0.7129663435530481 -1.4516915919887061 91.81988825043089
0.6637067055382813 -1.5290224643592667 93.10554131925322
0.6847040883621719 -1.5381478739669157 94.38693061516227
0.671900280999327 -1.550660060171255 95.6296070377695
0.6383589489769281 -1.573857223250999 96.83289680377366
0.6036329300766361 -1.5951693588509512 98.15328371201107
0.6210238414897618 -1.6051699709465477 99.34859649842333
0.5684218781521055 -1.6130291139572668 100.5860293314477
0.5397191966387995 -1.6432477408243291 101.8310969376519
0.5903835550118173 -1.6561093511356437 103.07824709123675
0.6239042750801223 -1.7161164717226085 104.28081787447132
0.6349378016493585 -1.7088061446611054 105.54770459170545
0.5747471121402454 -1.7392503571408424 106.73287020162272
0.6761216056645726 -1.753284902541985 107.91000833769891
0.690748209013084 -1.7860825128258022 109.17095337781439
0.7211371859800576 -1.832331018905898 110.40407771572545
0.6887463444141522 -1.8260410913211231 111.52430721866105
0.7374549448989973 -1.8351872629030086 112.7606960559057
0.8143515448370096 -1.8761255104660413 114.02465296145884
0.864411572835856 -1.8956809549735993 115.18851786931683
0.8483783769670528 -1.9039182226927067 116.46737291954591
0.9561689231922277 -1.9405681533347205 117.69518511370173
0.8929432410384612 -1.9386054593150306 118.75841783749489
0.9360561010172834 -1.9707452178025977 119.84199831621012
0.8428878371196499 -1.9826888369610791 120.92956105343563
0.8955411866719799 -1.9733270533980625 122.0402700721794
0.8482873948494788 -2.0412244544064913 123.19498252979974
0.7167233353608633 -2.035557699130517 124.24692747276475
0.6347305520199581 -2.082617379074369 125.37573391501347
0.5881531677037998 -2.0417717231452346 126.50262245180946
0.5011415067776879 -2.093042513791799 127.58242931132607
0.4189667883016833 -2.154444236862546 128.736441741275
0.4194915234515819 -2.1567218602830645 129.91399011185155
0.15617677599577273 -2.2363473300610544 131.08008264521834
0.07042191578000367 -2.2045497908543226 132.21904721300805
0.01928668201372008 -2.2551245351947937 133.44751449308416
-0.11577316466731702 -2.2413305479371775 134.64567840397163
-0.31520858542531394 -2.2600545853594247 135.73529592604223
-0.49761634358304185 -2.3057666650645308 136.91188003525127
-0.5555778191542999 -2.34013335174057 138.09746522397438
-0.725152013133296 -2.3410815023598754 139.2761719306332
-0.8510019730940217 -2.3744678858285497 140.4613385364002
-1.0377956678403584 -2.3933006451098335 141.63517962465573
-1.1690179261826865 -2.4223535005648644 142.82566332882303
-1.3423913537749497 -2.4555087958050397 144.16023929048023
-1.4736818609631268 -2.4717678111186023 145.30439065008252
-1.644261832541501 -2.5022517840965457 146.50034812895169
-1.819858459371001 -2.5150931857305765 147.6959019990395
-1.967295272620546 -2.5611760118043394 148.94822500503136
-2.166665765999414 -2.5657222463304064 150.13279997164915
-2.2842285755925573 -2.609990567828888 151.32385006393693
-2.5481385674790156 -2.6126243442275747 152.54235945499966
-2.5334813079993923 -2.6969315266142475 153.65767562828188
-2.503567062493174 -2.654290980705215 154.85174221214407
-2.52144826681709 -2.6580153923491907 156.05539689413538
-2.5859921789354767 -2.708930994997984 157.29420812215918
-2.543695472228441 -2.743006688880879 158.57048574178845
-2.5998174126743074 -2.7540831841571016 159.8438829972588
-2.617880721276542 -2.880543873653515 161.17673308216786
-2.636250738257078 -2.9535471114626866 162.5006373334925
-2.676089456506263 -2.8541681470917344 163.79520158404216
-2.7310956772770236 -2.9091199191466792 165.1168870240684
-2.7951980706543775 -2.898091719300868 166.4088621544267
-2.725969216074481 -2.9167361833107233 167.75312393711235
-2.7645722228517418 -2.939309444888534 169.02236712784372
-2.9278426246318214 -2.96348594076215 170.36875821804017
-2.9463321288604334 -2.966503019775139 171.68180305229197
-2.968944124828001 -3.00213684972984 173.08243677191768
-2.9946133714786747 -3.0345226817743156 174.4427522210502
-2.99731457278793 -3.057040436484721 175.7389833142322
-3.00646306331179 -3.107633801948417 177.10590135800697
-3.0771837538054543 -3.109445958445069 178.51147370155468
-3.1721085890663545 -3.1444605057470585 179.82757915681785
-3.1628064208956728 -3.188876932098687 181.11730363767683
-3.1930598468144145 -3.2209085173065417 182.4201784137422
-3.254144696889898 -3.2751681385829103 183.8587837868174
-3.298165292854063 -3.297314841543355 185.04769112339162
-3.307212488750986 -3.3360475413389645 186.40735392698093
-3.3240605134113475 -3.3684542903338306 187.81223982147458
-3.4355241923556896 -3.415494010252214 189.1156507431062
-3.50053894462239 -3.438761550358949 190.5133535173834
-3.5115613410543904 -3.4766317988406996 191.8264027261389
-3.5168426163093094 -3.513274911056149 193.151919869645
-3.467069202639901 -3.5555940973283326 194.52299110356083
-3.4978671417493934 -3.554295153310403 195.89735765034794
-3.4422045550540377 -3.6058557745282047 197.29823225441672
-3.443875010052817 -3.6571808520331746 198.7386807502504
-3.5396657853671227 -3.688627864522169 200.09467629661168
-3.516849638768499 -3.7234865002988338 201.52995423007465
-3.5148685795713153 -3.759226274892366 203.01711593319322
-3.5127024760793772 -3.7410798081263725 204.38927400623854
-3.4789588241239167 -3.8165639977272416 205.83449402160645
-3.467218827250118 -3.802754489656243 207.18918758812174
-3.4787057048670453 -3.823489599990375 208.67268829522553
-3.5081156515830063 -3.8507446562247964 210.16131339256958
-3.519012635126976 -3.8865263238735994 211.5255398257608
-3.4893168901651084 -3.886048255186049 213.0106941826856
-3.578658212568264 -3.882179786252852 214.4851559519182
-3.6126996299420537 -3.9180861590763008 215.97181587293645
-3.626142466887523 -3.9291266707281927 217.43769162110294
-3.5910416974972996 -3.976429390337757 218.9045310734075
-3.671542356355818 -3.9795807329257267 220.44721136933524
-3.7932583094916232 -4.011838668275552 221.86590901974552
-3.7527376109036577 -4.021717161854029 223.35210387651918
-3.8499804657494154 -4.071903969696819 224.90091153370102
-4.013748131378352 -4.1044818521912525 226.43668687398434
-4.088668492815246 -4.112432739772565 227.80264343370777
-4.17371760553357 -4.123394017581039 229.30676900329678
-4.284148897396763 -4.154139385139363 230.9290568931458
-4.376573028869638 -4.208995401724833 232.48201029992583
-4.588776364433993 -4.203991657914824 233.94944533970437
-4.746686604430229 -4.227550576452668 235.571540539372
-4.686354271276488 -4.3233235827259415 237.0296134077937
-4.644482765312467 -4.242594865745352 238.584517115794
-4.672393270104659 -4.215660674162095 240.14449905303778
-4.73614952808439 -4.25857919191554 241.71032935824098
-4.645236407414651 -4.294710943731438 243.2744085355946
-4.683290355135063 -4.327492433332091 244.7833772515727
-4.689139037120526 -4.470205782054648 246.3679461481773
-4.681603877223712 -4.472970022072966 248.01040244154797
-4.669270322813041 -4.340025507129467 249.4841248249133
-4.714077534241423 -4.437305186666134 251.0980733961588
-4.695916031931878 -4.3911587181858165 252.65371777843953
-4.640626464468027 -4.44528438890143 254.17318911189798
-4.625477712072702 -4.463810632806725 255.69592971087462
-4.72976147034846 -4.4913742523736 257.28750004605365
-4.7352156409973185 -4.502262240025239 258.7170592758127
-4.774228201689529 -4.520702018543707 260.2840590000462
-4.778056812587558 -4.572475342214911 261.8202142508884
-4.70223908682382 -4.594183342246904 263.30517734743006
-4.684169216200527 -4.631644883555854 264.8706530783739
-4.690287932908426 -4.647715330326063 266.4046348513769
-4.788328110674313 -4.681919448643134 267.915467731491
-4.712279599183725 -4.703999950673065 269.3723979425256
-4.706393996424105 -4.730121631656986 270.92730511301806
-4.745958568009727 -4.73602431731701 272.4626230575092
-4.715658408428423 -4.781443802160916 273.7793299994178
-4.721037443312602 -4.810245520336255 275.27294845451036
-4.744155893543207 -4.843112304164326 276.8513050986251
-4.814239183366131 -4.863119666514349 278.3397674625467
-4.776527818386849 -4.906294471027138 279.8340503676827
-4.910026404994371 -4.918756393528908 281.3505301831086
-4.924764599386536 -5.012010590922502 282.5380716648724
-4.854037298700384 -4.96201844242241 283.7433585955539
-4.918680625430411 -4.999182093752266 284.99070027235325
-4.933877371176764 -5.046767769427951 286.2769971165287
-4.88733869166601 -5.108797245460451 287.5980031133645
-4.941808399542503 -5.16402188222018 288.8699030172775
-4.9734305119472415 -5.2006098756563155 290.1806553128098
-4.988812047646916 -5.228345331072921 291.52346725711715
-4.976567217544432 -5.218222531744748 292.7926993869281
-5.046933831865366 -5.298590397816789 294.13554813356797
-4.975714935490915 -5.259599032229902 295.5166203753696
-4.984936112003686 -5.31561733698867 296.8412871491913
-4.993284120695458 -5.3604564867388245 298.12779041285677
-5.02311514895679 -5.395189652901826 299.5320649791339
-5.027791373581733 -5.4027724538609805 300.8037828120551
-5.068635669099516 -5.418920590919607 302.16066054414455
-5.10809482866373 -5.503520273184245 303.5439551443853
-5.033530063597776 -5.5129508457930525 304.9155253215137
-5.040577352845171 -5.547687481846829 306.2874785222996
-5.029195094088488 -5.578144133680442 307.6977773899818
-5.132420012019074 -5.628002622173431 309.05058684186514
-5.077823846183292 -5.664686480608399 310.4240764477338
-5.0876865351134235 -5.71071972580316 311.8585141849409
-5.140445045769067 -5.737953053031954 313.26999902253306
-5.119569061644137 -5.795287924964846 314.6121700341307
-5.161962736129743 -5.82949439018815 316.0226319681401
-5.1920395299739015 -5.859638758057161 317.47900022038226
-5.138669503738466 -5.886740396156016 318.92436598615416
-5.177941527795064 -5.928151400962471 320.27663636864463
-5.260234719002231 -5.968561110596289 321.72739773903925
