0.006888792125358524 0.03674429698169273 1.2094291448735783
-0.12629228790055222 -0.04871819456702074 2.366522788962581
-0.0655724102157732 -0.05696111790754895 3.5598387717885984
-0.02676255919899394 -0.08331416377639869 4.7632412910119
-0.012466384947426457 -0.11280379977413839 5.951430320697435
0.06767687323980821 -0.04708797973524097 7.188463211054332
-0.03684487795943191 -0.12534916101915924 8.394031524607266
-0.008041827230913024 -0.08714420750542932 9.626113891569146
-0.013960180817683356 -0.09358879537162727 10.85401153560881
0.0007154664130107308 -0.14028639660665335 12.091302871654246
-0.0046354211524460035 -0.16210600259074714 13.324560165346734
-0.028699708485385937 -0.18157422023907574 14.559954643179934
-0.004305449417797707 -0.19041212830437632 15.797288894584751
-0.012906377096416143 -0.19272526491846545 17.033658981252383
-0.008973878489062425 -0.20172292833087602 18.27743339531235
-0.012777369871556647 -0.20231511493921672 19.50889778129782
0.017418179469270673 -0.21738930797642192 20.744163513109118
0.01588395612181389 -0.12467592172145626 21.964078903156533
0.015632514135760733 -0.21364699968052164 23.1901302336912
0.042309422477031705 -0.38012432182424777 24.409454345574918
-0.14560125331690899 -0.3831326572193333 25.633161544638494
0.08637497286034128 -0.40381648180347596 26.837654113640394
0.08151841641609636 -0.17989810301770426 28.052280425975198
-0.09917678930668329 -0.3418369188982118 29.261070251326156
-0.08704943435839298 -0.32888941871333394 30.475631713735183
-0.10437885877650906 -0.33529882495413343 31.658494949203575
-0.10476861334356129 -0.338698822474946 32.86212158189273
-0.1173166574686599 -0.3674782691375637 34.03050613388229
-0.1258851229748941 -0.3455256396236682 35.222484588478494
-0.13891872143347805 -0.35990823998385574 36.41341781601021
-0.15792092131364044 -0.3643360914318516 37.597427402198065
-0.21369832189206922 -0.38634616791246423 38.76853028624895
-0.20363715810230548 -0.41712212375739055 39.97342266941456
-0.19612811061139887 -0.4568973051049884 41.16897357275564
-0.20810812120193029 -0.4820331420036484 42.357134236153136
-0.1792162314964404 -0.4882889847852379 43.543096457436306
-0.23896952601861088 -0.5134881196461337 44.71535409617731
-0.21725781881415923 -0.5331110236658148 45.90613809028333
-0.21992729708214928 -0.5231183479598049 47.09036681049653
-0.21722844522520424 -0.5686268136458472 48.287507943529576
-0.1918402836545336 -0.5772235970959123 49.45353553608638
-0.20070368692559698 -0.6015915167659214 50.624864010288796
-0.17755115095725765 -0.611069019583351 51.79326406620988
-0.14477734886182864 -0.643153091506675 52.965310038715764
-0.13663636090138087 -0.6275078599809748 54.13811618006737
-0.10942451521924218 -0.6746548492595441 55.302210288602794
-0.08203963760862848 -0.6827475787217405 56.46444802598789
-0.05820676549654541 -0.6833095639799589 57.617904585996314
-0.03793079997318649 -0.7157796381540593 58.76056266321311
0.0033670682969227372 -0.7888594429154858 59.907894221779586
-0.04075210720366895 -0.8064175055008697 61.05057858392844
0.03582741571231518 -0.8457455089501886 62.1906224662155
0.06383679830463473 -0.7823059771522582 63.328130490636326
0.05127759692224987 -0.8376989033463019 64.44978427202972
0.07889125419747989 -0.8708158857213351 65.59196054289542
0.09989047965708875 -0.8854946686449217 66.69526321295815
0.12007373507536623 -0.9161846509728788 67.81269953068127
0.15737408134610742 -0.9192579717922962 68.93230939241658
0.18988552038047934 -0.9535108834077486 70.04732297613486
0.23209773249162846 -0.968821594948214 71.16041181737874
0.20612566068535135 -1.0132753886841488 72.33904541286054
0.16270854513999358 -0.9761483557414252 73.5453303288453
0.22832017927572318 -0.9801888524108839 74.78083300604686
0.24619702869775184 -1.0386311427148354 75.98348200710016
0.20836785741580657 -1.0311000414323228 77.22430283621117
0.287334532885118 -1.03441614352619 78.44512448105374
0.25256524301665717 -1.0217995182249016 79.6549874746372
0.2990505808810609 -1.106579958121998 80.89732370729256
0.35995298597010483 -1.0928030658903432 82.11572303038523
0.41775643662208545 -1.1332120069944351 83.32664174236703
0.49766180415432926 -1.1482924764225333 84.58313432317226
0.5723655792847144 -1.1508046418575901 85.80478156936377
0.6623950331425326 -1.17578590558814 87.00697563890162
0.7951763585512047 -1.1563277592691423 88.22106898493786
0.8868955024767177 -1.1807705555296277 89.44577454650076
1.0159302607391851 -1.1987837779965216 90.65819509571695
1.1392110951063161 -1.1975367662102423 91.86857226278318
1.2825073533993323 -1.1028431996407646 93.07981983878528
1.4285614174143904 -1.1783166345856952 94.30913820897014
1.6332294840960406 -1.2283510268985376 95.52376746818287
1.7091680974924486 -1.2860183009989368 96.72401359668058
1.9568437867380972 -1.2792899324057836 97.9396273051356
2.1038088298773134 -1.1421758257087602 99.14409468321932
2.222319698379766 -1.2389407840466908 100.36033105007469
2.3581860835033464 -1.2662919380939863 101.54551706521357
2.504481519588756 -1.278650016351085 102.75330457506661
2.63277094738576 -1.3289046138032377 103.96653597204538
2.8042689776514997 -1.3184381773620104 105.1547298574957
2.948260208952936 -1.3628290705073394 106.36856088499333
3.1400855179813423 -1.3673499954416135 107.54405424633786
3.1824451466273795 -1.3898760973308415 108.78304954810868
3.2012022239046156 -1.3888278306083714 110.03380789122255
3.321701524065165 -1.4074240857829627 111.24792780449506
3.356269689330809 -1.4799492299060948 112.4947191969844
3.3253258434530073 -1.5019792298694798 113.7321311257985
3.422322065869784 -1.478778395194936 114.9625476255909
3.368408724017744 -1.5184566336531589 116.22723400951617
3.3899623949856865 -1.5770892909109875 117.44911696727976
3.410174462495582 -1.5544454550647628 118.69995494024988
3.4249809431129723 -1.614608850977001 119.91988536792383
3.407920564180819 -1.6431597095755852 121.18103873716854
3.4208917901554012 -1.7107485212222773 122.43768225769101
3.4257545731144896 -1.7165975302127299 123.66880471322342
3.438669857149102 -1.7376038967315195 124.9075051780071
3.429665360816872 -1.7418096630683393 126.1502523645304
3.4595736802977575 -1.7638495207564837 127.38916851213605
3.4381694139639265 -1.7871879750778583 128.6555297278506
3.451369443222011 -1.7485198340139974 129.89683262333287
3.428875032870218 -1.7657742905925438 131.14552888556827
3.477176632063874 -1.874261140323504 132.37952340430414
3.372236446644007 -1.9090832227721013 133.61299205424828
3.468144600479019 -1.931911911275777 134.85550192405736
3.4519083749144093 -1.8140487667420562 136.07594369435247
3.349468749656949 -1.9199028845270634 137.31796922320595
3.321712612558277 -1.9558828775978996 138.54973487600182
3.271367107768097 -1.965001981782064 139.76388483418032
3.2352690401366395 -2.028434221537902 140.98620398129455
3.1983241232840864 -2.0376060574544423 142.2072478573694
3.16295617301909 -2.0839955322241916 143.4166690293475
3.137882561338243 -2.107678270895537 144.63415163092395
3.1721263640501727 -2.075730254621906 145.85491840811451
3.0509157380154144 -2.169000801868784 147.05153309248018
3.0642533844938717 -2.1570467067276207 148.32318950207065
3.076033081908576 -2.205074184643473 149.55192423767426
3.0729254840135622 -2.2287517454988612 150.80682205341972
3.0627431361874335 -2.176710153212939 152.05766248687934
3.0095886557234426 -2.224162760697346 153.28908471092177
3.0171926140133376 -2.2371951753167427 154.54345065892588
2.918301301690659 -2.2330208386698054 155.7864185751244
2.8666570687340345 -2.2645658587693354 157.0542347688845
2.802121715516677 -2.29066916374786 158.30078255026885
2.6556680402357022 -2.3272235459732933 159.5416567147251
2.575482312009027 -2.321489173921117 160.80896298537647
2.484196526653969 -2.332934138558938 162.0665034659291
2.3477125338806335 -2.3501634186902156 163.30436337895415
2.2590769012526017 -2.3408922799470075 164.55999128843297
2.1627243574739565 -2.3549692876754698 165.8141590787822
2.039579963568638 -2.324293313118643 167.05042525004467
1.8701228698000747 -2.321851957270388 168.30641348446161
1.7444860205089583 -2.4153683820812097 169.5412257322755
1.4585200843029862 -2.410452564039416 170.78354163771934
1.3726415752267749 -2.442107768363244 172.01250136505047
1.150828286710545 -2.3439408610099006 173.23977869102612
0.8586903866191369 -2.406061645302163 174.46330094897854
0.6408340954768299 -2.399678596655373 175.7210392571671
0.4050756365796828 -2.409745232242795 176.9220035374114
0.1690355165406734 -2.4065038841925976 178.16995729672922
-0.07827341985857572 -2.414824591104309 179.36546590613975
-0.306614059935288 -2.4221674482248687 180.57723047869183
-0.5900680997008036 -2.448888049503101 181.80198436972827
-0.6007929917942398 -2.4124848714144846 182.68561569262135
-0.7137487916268568 -2.5767519398772625 183.58774293838246
-0.6197211810740302 -2.560120533463459 184.4720631263126
-0.6250735994109603 -2.6074729870240234 185.36749276284408
-0.6362496864127714 -2.645930832315838 186.25378936123897
-0.542389471221302 -2.5901647148547826 187.19087918121727
-0.582148549893369 -2.6570409607695344 188.10828806987246
-0.5430394664680974 -2.6855298358843003 189.003839655201
-0.5136664602723633 -2.663842295283404 189.90664159191599
-0.436902638182572 -2.6820742421035506 190.78792805006898
-0.38407585419335977 -2.7152255118335082 191.67939713241051
-0.3287536207539545 -2.7527064686919127 192.56594865171738
-0.23938500691597564 -2.7706649429674823 193.4364970800594
-0.15416555171538338 -2.795146942333532 194.3140220245455
-0.03743725010515786 -2.8111912552561478 195.18648222047673
0.05724359821728786 -2.8421701528702665 196.03437976262092
0.20133474065487467 -2.8632972351989427 196.8841719017069
0.3416983077946747 -2.766718107700408 197.7200821000148
0.47444914262944793 -2.8418614390047288 198.55460667394763
0.6702320979205219 -2.9691924985854863 199.36901024466533
0.665779654748061 -2.976887366893731 200.1820435118228
1.0138403034618155 -2.9944783984212955 200.97697704598977
1.1918545314774707 -2.813125968760921 201.7820544125707
1.2312548857007755 -2.949978464548755 202.56762342999014
1.4275024252777815 -2.9548095696251577 203.3510560083108
1.6024072049443188 -2.954901167799912 204.1145990187135
1.7821506566290117 -2.978534632004675 204.86862246636719
1.9889822716196432 -2.987424169908983 205.61193569363428
2.175304304642414 -3.0079324345180853 206.36737714796783
2.3919563552094325 -3.007451839967893 207.1161579317254
2.354117479250264 -3.006085026872301 207.9906445194693
2.3714507855786873 -3.0460645641900785 208.83752922488657
2.3089693077762226 -3.0068732079492317 209.70233225543143
2.303732380349567 -3.0266046152601533 210.53357244228636
2.188295489641094 -3.048470300455659 211.35698908724157
2.1257050156938915 -3.0978946631837885 212.1302241280302
2.136262393375299 -3.067231906036345 212.90978513457867
2.093590441337882 -3.13978766941574 213.67129973701626
2.049241339708834 -3.1362390765141646 214.42141820927029
2.0083944859599607 -3.1551112952960865 215.15563998144225
2.001390441877759 -3.1608401717318735 215.87716008636002
1.944079241202214 -3.1753003212094137 216.58555624610418
1.9231985366363156 -3.1849173112542783 217.27989272132746
1.9150725282006285 -3.220420316499362 217.93520673801098
1.9129794605831083 -3.201942552714367 218.62817861099177
1.8849724326166895 -3.2145451375351475 219.2782317909178
1.884023930379521 -3.2386032413081507 219.90709689776327
1.8643713001001905 -3.237858617381802 220.5513443050974
1.875203871365309 -3.206532536158567 221.17805249754952
1.9083488651421625 -3.1554197920755818 221.781147996022
1.9575569757045947 -3.2005412142105216 222.3822066947909
1.9017967779610803 -3.195162107792326 222.96621004477333
1.8767052134638416 -3.2707216780845325 223.53498470495074
1.9994012658682245 -3.216556357502002 224.09908370222067
2.0070937597204517 -3.24113655381027 224.63222282477463
2.0060945246785464 -3.245252338617255 225.17031175917955
2.001508821803519 -3.27386943227984 225.70821030565537
2.0127173630072877 -3.2534768085843018 226.22939744436982
2.0106981550987117 -3.2426820492939306 226.75702851599553
2.0211000184662606 -3.275473773565435 227.25734566030752
1.9950280581660516 -3.2601695189799678 228.0612568491498
1.962376775511665 -3.3438780421061503 228.87052384881773
1.98489798935193 -3.3897437498820633 229.7060254645445
1.9751389576074645 -3.3949109594831604 230.5040927203974
1.9598059657743274 -3.431548770359402 231.3289333581433
1.9581011702658364 -3.427499714005865 232.16316955814872
1.9142064640500798 -3.4808473767289456 232.97321369449807
1.939851893133277 -3.513138507018606 233.81219836757026
1.9329060412558285 -3.530422675395726 234.6371313291894
1.946308731074101 -3.5765066694126064 235.49617553660283
1.9300203868870218 -3.5914492257219868 236.3162369007768
1.925617030308802 -3.624830265943062 237.15446614116857
1.916345982309879 -3.638824402143908 238.00245085886982
1.8936197411264166 -3.6518466776896648 238.85320638465777
1.8979934260485556 -3.6607967100961556 239.7311297246222
1.895075116820706 -3.6715334527191517 240.58540078102448
1.8856247584132966 -3.6782453639217607 241.42241441083027
1.871617263725628 -3.6368081887857486 242.2857907639972
1.8691714990574657 -3.6951366919932376 243.15251490915523
1.8439816576137862 -3.7295657298375136 243.99998054206455
1.800931801125587 -3.752754864622319 244.87187870961083
1.7856519165914537 -3.77245887728622 245.74821993075773
1.7327196985254516 -3.7579525097345234 246.61065641192022
1.7148440580282356 -3.803451106387041 247.50095023632264
1.6740039213643407 -3.7862025868471223 248.3752867351711
1.6360231119576012 -3.8374635199161338 249.26971361467074
1.5957776349675976 -3.85915771327509 250.1803021499152
1.5262310035239686 -3.8747904147840484 251.0660557519298
1.4856965646549787 -3.912230642987699 251.9653171660205
1.4379695865874025 -3.9506037224166297 252.8537633459518
1.5221431108390386 -3.973762422815692 253.76891014576356
1.4136365923912995 -3.9710403767335967 254.65403289881283
1.478228517923365 -4.053273405236282 255.46764815459875
1.5300306730761073 -4.054871838419732 256.3255579787004
1.572857696447802 -4.089431729245399 257.18565138133397
1.6942144336807892 -4.018574889305807 258.0491462270895
1.6077425242105754 -4.091898718125654 258.97758308771995
1.6117360189386494 -4.00942765358695 259.8273760568073
1.699046103393294 -4.065146412307157 260.7313407248628
1.716489003735255 -4.082203946675015 261.6048661418435
1.7549062540896563 -4.102089434957851 262.46994930157825
1.7883053208314352 -4.122069184484865 263.3413245138563
1.820944652419731 -4.145800174209998 264.2160108916584
1.8385184633660698 -4.180006985001856 265.0687752552825
1.8725977265556668 -4.178488970229319 265.9504732371428
1.9164042242077493 -4.194679446812524 266.81240252735716
1.946129035548215 -4.19142328139598 267.68735020393956
1.9641140602733067 -4.184563457966827 268.53024349458525
1.9668008888573514 -4.279099957050678 269.388738449274
1.993182400557039 -4.443815967989919 270.2186739141284
1.859165560465875 -4.449673369247446 271.0742738611476
2.078371283101337 -4.492136097588082 271.90300434028745
2.139270161408143 -4.32557567450743 272.7478747235557
1.959382284387716 -4.449698868814274 273.5927692640351
1.985114237662933 -4.4724166268678704 274.45969470937064
2.0154399668045926 -4.490950313056604 275.30096878469334
2.0393993202584384 -4.522210264854124 276.1211733966603
2.0700282397930723 -4.530511557106371 276.98315335591866
2.094907146984494 -4.529302127088479 277.83523575559707
2.1431879241658436 -4.547473354587845 278.67928447754605
2.1496309721771056 -4.528080523733775 279.82735153513977
2.0421697854378373 -4.597213588286219 280.9230222604877
2.043254366030296 -4.65706620172752 282.00042949568774
2.0581968765387266 -4.696466434633619 283.0901329772947
2.07628224523139 -4.73026655366139 284.1811164745313
2.0516782735382537 -4.678141086070802 285.2669970176695
2.007068956993694 -4.762527174934249 286.3571810174853
1.9957591706974507 -4.724856113084153 287.4524017918883
1.9675822961749236 -4.765295229845181 288.5526034797035
1.9473925824953833 -4.818510528274945 289.64834937843483
1.9439647840812244 -4.83311787953786 290.7269613377568
1.8948360225836338 -4.869266183470461 291.82132256160753
1.897148608589009 -4.896705306799483 292.8907176124224
1.8733746828190536 -4.9161675730573515 293.96911135971527
1.8559189292173643 -4.93373896862588 295.02630660178795
1.8656045046188754 -4.962576268884738 296.08367574423477
1.8724440038000365 -4.988614612704836 297.13863034482745
1.8676451318282437 -4.987000372669626 298.18929111936836
1.8619181918272636 -5.035570511319749 299.22769253164614
1.8602070052802495 -5.131812745359556 300.2584484834692
1.8033438191288758 -5.133867973609517 301.2764519013047
1.864289349211862 -5.182211794822464 302.3015724829746
1.8537972604486932 -5.150254065061285 303.3163981051599
1.7884633834636499 -5.2204167708191695 304.31262655429924
1.799167240224852 -5.218342132753195 305.32197965171866
1.791608941859866 -5.238154205193747 306.3135218029435
1.789526673278288 -5.238514140738356 307.330097504865
1.7809688855038854 -5.280575905347836 308.2985542794224
1.7820177725722695 -5.2922836853570505 309.27273376962665
1.754106733025383 -5.310780871329788 310.2336454243342
1.4447542233974 -5.381277045898796 310.1613673829175
1.0622994798543675 -5.295847487091259 310.2479661179467
0.6493121925004519 -5.116452106821899 310.2788924548487
0.2618126220990775 -5.200250677305196 310.2703973407819
-0.18502444562918208 -5.196899982173963 309.9342605187608
-0.5736319246342487 -5.208992025326151 309.8809273968803
-0.9663260261440894 -5.094215105481699 309.57986295799196
-1.3694391069304304 -5.261003504592634 309.3025660686247
-1.7421985108627138 -5.224952687118021 309.07833017374793
-2.126019849476447 -5.24653339999685 308.7604942434814
-2.4894059511468525 -5.262013770629923 308.4421841430628
-2.8403318848092685 -5.233174483438628 308.0838170190945
-3.225225023960478 -5.2311579544267675 307.67341207315786
-3.5962992707067585 -5.210252011731309 307.22927394668784
-3.9563076709908396 -5.2053880278708435 306.7621655181477
-4.324671318720666 -5.189741457887881 306.22988764819746
-4.6536492149347835 -5.170121503873956 305.6867498933046
-4.99606726325686 -5.006090953719531 305.0770175979692
-5.319518807913502 -5.111721918390594 304.4732874840204
-5.637838418341778 -5.0643060427392035 303.8724950301598
-5.981615513334936 -5.10719678698841 303.1372591688463
-6.247802462500461 -5.084339189061816 302.56685096432176
-6.549516653357523 -4.915556726862967 301.8674864484367
-6.8492196246444745 -4.976741414439056 301.0734948812288
-7.127446589517184 -4.993299541919659 300.33573144455937
-7.426941059059164 -4.962332892647387 299.4925563142566
-7.731645518879764 -4.980408500309254 298.6415864678416
-7.963235614315687 -4.982201324024005 297.7649881007796
-8.249915628859865 -4.991485301474126 296.9058617600434
-8.525652058544592 -5.006171435067085 295.98975798623894
-8.725433190454712 -4.917702581782154 294.9482991650128
-8.767618813762155 -4.894843566906104 293.9645076176943
-8.900324476146366 -4.950335414755486 292.98189685641256
-9.03481157629313 -4.9123883656217195 291.9589941438345
-9.162287844543801 -4.878709214864406 290.9406653787797
-9.213626172625176 -4.82861274884968 289.88073363075847
-9.234454342820044 -4.840968127625623 288.76709208352287
-9.23762706026961 -4.751691612680988 287.68294958534614
-9.255564392859739 -4.755445403190272 286.55699812885734
-9.219936381599117 -4.761039752780114 285.4188512942548
-9.17446793072491 -4.717687565408114 284.2821061188501
-9.127371809807585 -4.685987179117134 283.13715853280195
-9.06520258969475 -4.685556663157295 281.9621292076887
-9.013814602233069 -4.673183759976609 280.7829268687148
-8.934011939264808 -4.602969024340459 279.5849189109746
-8.898060464482258 -4.5949374552303155 278.39904408909933
-8.78121047272483 -4.558090934069213 277.1597114368061
-8.703792504838388 -4.55573205663311 275.942089621287
-8.611928096517838 -4.574264254918153 274.7215026556378
-8.473226057344167 -4.634615780609674 273.48162223922236
-8.332165239514795 -4.595538230027661 272.23355610386074
-8.276587771848932 -4.6099743956782575 270.99609981605425
-8.189828525338642 -4.515011433096454 269.7570732443193
-7.992597548907928 -4.536994663780199 268.47733315118677
-7.874192312782166 -4.537895788680501 267.2065631259142
-7.75447553188043 -4.51437924835255 265.9386813644607
-7.623307189297704 -4.503432281339246 264.65392590824763
-7.47582067404292 -4.478667309994279 263.35571371884674
-7.352787711048422 -4.444889545633764 262.0508359293732
-7.201448160733323 -4.435012031258477 260.7607601544096
-7.246207483849109 -4.345575855471016 259.3547209377681
-7.162032530353884 -4.329163980442233 257.99341072197916
-7.153835015732425 -4.348128797431591 256.6091026362441
-7.162867070625434 -4.324027873674845 255.2038524121135
-7.258801169704119 -4.242243917654295 253.8333403640142
-7.157272909122929 -4.1964387619379035 252.46148156869873
-7.295255431987459 -4.158823486377382 251.08883924991207
-7.347407119942239 -4.103664507214069 249.72484749653097
-7.372306462325669 -4.0747283507677 248.36679995429537
-7.3968384145426604 -4.012816536502117 247.02611336238556
-7.468563929061348 -3.9834157808516095 245.6572831884933
-7.507674001933776 -3.9455195248496793 244.2852111191936
-7.557427725792801 -3.8839769750072684 242.9205618729152
-7.61741358887684 -3.8490457057228906 241.56752589247358
-7.695814726128454 -3.7705314033925457 240.2272915694043
-7.773054560408295 -3.7422627057690403 238.8551091592712
-7.826948380661891 -3.7093809560158517 237.46829342285417
-7.890607777224114 -3.7337901854335955 236.0974639673589
-7.970320588920218 -3.62953769459906 234.73313956396117
-8.021047786040496 -3.567340088613973 233.33891023510787
-8.1625394968046 -3.499821892415392 231.95489144268072
-8.141118888346863 -3.4616957788347698 230.56436337637388
-8.196823097572052 -3.4932771286019326 229.19205920562615
-8.371380186770057 -3.4143100383863345 227.80649793917453
-8.445086866748014 -3.4075936209944264 226.41702453225372
-8.525536002542838 -3.3338865435382 225.01546636527206
-8.59126018252012 -3.280458234438785 223.63688504652708
-8.658983313160697 -3.2230341537683325 222.21754596022063
-8.74513651672981 -3.1703954414401414 220.84348188977228
-8.804645969587645 -3.1299877559881963 219.4382495699993
-8.837958022529193 -3.0317471927159305 217.90901909981875
-8.723991324314891 -3.1080945481047406 216.44937693017485
-8.666867280675312 -3.0989288295752564 214.99801987201846
-8.680664418554018 -3.056494694593927 213.53591933549083
-8.70469942601737 -3.048882236091216 212.03022319431665
-8.626211254337973 -2.931212982714244 210.54635591461383
-8.58509510377389 -2.982410721665729 209.0539265628618
-8.553787418613974 -2.876784231848509 207.57230175923007
-8.485506823286457 -2.8778723532959845 206.07896404287837
-8.460728883874664 -2.864594973422457 204.6055336650075
-8.410090403721671 -2.8493844663474306 203.12927846079285
-8.360923543429934 -2.8217500244472147 201.6527661331009
-8.31706082299084 -2.8140172359157196 200.19492104856016
-8.268791405427908 -2.7742389266147414 198.7394156630088
-8.231693867845866 -2.7512318719018887 197.2763565110944
-8.19191138646434 -2.700872853037419 195.84912496762274
-8.180095044550264 -2.6481427878533617 194.3892160920777
-8.154816104112214 -2.6427973416666797 192.980849951729
-8.12041260352079 -2.590138235012313 191.56354273809131
-8.103201712941965 -2.6382288989182783 190.1572681185894
-8.00397895369279 -2.5796383627583603 188.76490107594952
-8.030802475526754 -2.566682895681325 187.36621094751058
-7.998347270405376 -2.481475287412765 185.98677361114792
-7.868134808598774 -2.4907623248845363 184.61870077506757
-7.851758477257167 -2.439419822087641 183.23217462201293
-7.813526750083879 -2.37992972555005 181.91423454553
-7.7954810776156105 -2.337965238281329 180.5938072018436
-7.73915165473332 -2.287560445173539 179.23781404462406
-7.688329260525827 -2.242592609229263 177.90951413200307
-7.614619849747976 -2.22729109546646 176.59535116160356
-7.662248114332782 -2.1609333876801835 175.47335590048124
-7.585478764609083 -2.2501211801162744 174.37117073215333
-7.6362127858058155 -2.1652349492828296 173.34192521889207
-7.641810115820896 -2.179255602165311 172.27488517838563
-7.727176917458429 -2.1398972015207827 171.25323369530088
-7.752884421738684 -1.9717605706707404 170.23706735347116
-7.777178906647036 -2.0535833118651827 169.2644036699207
-7.817670667179994 -1.9386804326962428 168.27511995691398
-7.808568886274578 -1.8564381964572552 167.33320206976578
-7.84662538315451 -1.865361740339356 166.4066014726812
-7.855210009119114 -1.8366130056377032 165.46351485608835
-7.837069753103532 -1.8111568124273942 164.56176853968066
-7.835133690093514 -1.789637843930127 163.6873460897313
-7.821188191289856 -1.707700466699861 162.84569620022822
-7.792554245201728 -1.7136034311551938 161.9850516510123
-7.77755273039657 -1.6692071107155462 161.17342838750648
-7.740278243460439 -1.6143063180445036 160.36681761045998
-7.700064373571983 -1.543171894782153 159.57593935304635
-7.634764287896465 -1.5190265319053367 158.81189542747677
-7.662004612527594 -1.607739820131193 158.06689161984062
-7.450288816523744 -1.5915444312448497 157.31634778466852
-7.5205775976747455 -1.5744519998683664 156.6146385024586
-7.424777436054508 -1.4743143476331004 155.91359858895558
-7.255979425204569 -1.5516609224708602 155.23366008582414
-7.190352986668016 -1.4739585468344434 154.55958235440679
-7.073032043242928 -1.4460898994506022 153.92401340844197
-7.001735626487457 -1.414471514729789 153.27886372016766
-6.877014955064517 -1.4157154419737896 152.6758879638208
-6.744994980546053 -1.3949768093156125 152.03916019451276
-6.635310513495053 -1.3792673092307832 151.4537918812099
-6.6744102787927 -1.2714472918449025 150.4229383672415
-6.573406835664174 -1.340582808310145 149.37333264529514
-6.668446057951149 -1.3239750884097041 148.35842575098314
-6.690678455922986 -1.3076130703894817 147.2926088277381
-6.759568673998077 -1.2874800920260543 146.21301879208414
-6.92293121780814 -1.0880737735592807 145.14620813568823
-6.857213790758492 -1.1512741810136073 144.06263653428482
-6.858673888869304 -1.0177154238030945 142.98772264357646
-6.917458327220366 -0.9297397273835184 141.91026199626506
-6.960973690384038 -0.9404074918739773 140.8327814580203
-7.009429718819968 -0.9213607398515014 139.75833272424003
-7.076669916023575 -0.9081785993080409 138.66899744074226
-7.132379169757674 -0.88645880217687 137.5988813998036
-7.209541872980357 -0.8195252377527752 136.50773745137144
-7.269794746763232 -0.7868490439764907 135.4172314434903
-7.370232742503341 -0.7383313638422777 134.33605761590857
-7.467936811872306 -0.707906362065949 133.22506990701453
-7.565523165832641 -0.590987888498552 132.15514042853806
-7.674352389458553 -0.5965694331561782 131.08729208680344
-7.83013082263011 -0.7612170342134907 130.0086383011775
-7.690805694599251 -0.7392755141556897 128.94732265438734
-8.13217951244205 -0.6783903085424915 127.87588222379053
-8.257236122292658 -0.3509718489763214 126.84054269000481
-8.154909635910453 -0.5404795369976404 125.76842390121004
-8.348200361940668 -0.45117301919674535 124.70127164093407
-8.490876717651915 -0.40130968011194845 123.68323160726655
-8.65870020958343 -0.3287491050054028 122.63657983169931
-8.82513924110655 -0.2961683685041452 121.615033175391
-8.980316470271736 -0.2568142741794017 120.58101235458551
-9.14667852106208 -0.19841974827369468 119.55158611559571
-9.07636072973673 -0.18040815376613173 118.3358363841652
-8.939084900178234 -0.09543754235110628 117.15348889782526
-8.90342881915069 -0.17959102158427256 115.90932890697265
-8.870901198101729 -0.13999541648653285 114.72468589173111
-8.798616448234375 -0.1579804285144155 113.50683730547185
-8.757294117039427 -0.09461061653376629 112.31903441382332
-8.637547503655625 -0.10081408034906716 111.11997257072983
-8.556356666866199 -0.08121755149930673 109.9036683503192
-8.463968005769646 -0.11988736201555333 108.694310558531
-8.373952686909892 -0.13535871521238846 107.51235456568678
-8.30152701086113 -0.1164416594964669 106.30028684635556
-8.195244706541787 -0.12503446622162956 105.12071087689858
-8.080943951516149 -0.10347211455442834 103.94731509816232
-7.994716977568618 -0.10885758821459968 102.76594986628982
-7.854514965588405 -0.1126038241261168 101.58816469674946
-7.770974072468054 -0.12793866529478093 100.41535815641286
-7.660414324547569 -0.12294024674838433 99.25626769852133
-7.534770348124505 -0.043804635935495106 98.0923885308134
-7.422092867189743 -0.14917568288685334 96.92558383922837
-7.291376504587419 -0.20753476091444323 95.77265874014671
-7.119056617364089 -0.2422391012830385 94.64143994506685
-7.09309330832225 -0.22858310524016767 93.50320102053465
-6.958325471383297 -0.09788084781360762 92.39197246737875
-6.740080839800527 -0.19294018168759375 91.28233085621919
-6.56631252656811 -0.22667789280398276 90.16077081655482
-6.402166155484306 -0.21507737730024967 89.08243818593364
-6.22964263767524 -0.23417987539229768 87.99310581921321
-6.050760057321112 -0.2439397616325667 86.91159390643695
-5.872365329959614 -0.22047402949852613 85.84847367457931
-5.681726724076893 -0.20982238224520455 84.79575322076809
-5.670051364866079 -0.09327665024037349 83.37482081967558
-5.608096878876233 -0.12052875629193048 81.93386143901624
-5.583769085046365 -0.14036010187339343 80.47143304307899
-5.5936227034574015 -0.09859810254164496 79.02962183819062
-5.604956309630795 -0.10605758914341429 77.58304388216106
-5.5810552361207 -0.05037283798660924 76.13510943015079
-5.620402538467296 -0.010720032285549103 74.70819949256044
-5.62460213333869 -0.0038780346366200924 73.2871669608069
-5.634662385995394 0.053797649558324 71.84502937580909
-5.631445316060718 0.08196051020219675 70.45522655079424
-5.60722973472353 0.0966428193247088 68.99528723800361
-5.616244378577944 0.14204457200595255 67.58131013179938
-5.616741572225639 0.1836252726007479 66.14914382530999
-5.606081528495302 0.20487749799093657 64.74785813593573
-5.584144258108551 0.2378322159157406 63.34221932465084
-5.592860391141828 0.2699112256018757 61.90946378083957
-5.579272440481365 0.28717035293931537 60.47641105522055
-5.541770999800758 0.3093355562059772 59.04617292071508
-5.522616371946427 0.3637783339044395 57.6378780318141
-5.509777122280161 0.40805714290391526 56.211062878381185
-5.51212219299968 0.4386376862607516 54.79264547744866
-5.462034532977304 0.4449374817907894 53.37080477495209
-5.411139260055421 0.43294263903173347 51.96545460679761
-5.42418238615247 0.45979155469725186 50.537734522182134
-5.397537535552201 0.4738290075334364 49.1431104873759
-5.365243556174567 0.5052822383185794 47.745718417643324
-5.337053763892181 0.4974734068311798 46.309632136906245
-5.299848031549329 0.5042996337650625 44.93160397922068
-5.2887002574477 0.5267146110343848 43.54742961281544
-5.258394304950057 0.5364197623364397 42.15837805222278
-5.276645067289041 0.6879172184689641 40.728548503422765
-5.157144250885425 0.7847542893188768 39.31914015530183
-5.1776396430080505 0.5271608367309133 37.82660414970885
-5.1294978889405165 0.6171720913253274 36.41732755997284
-5.309458323539273 0.6570236032383132 34.98086540150555
-5.184257377313666 0.8056018204216066 33.557607003055324
-5.274847591544595 0.7067244960317722 32.15134223827286
-5.228547423331782 0.8404173291276803 30.76127187984492
-5.2269716273298386 0.8635422811334513 29.326388221688205
-5.208350875605383 0.8888862629143919 27.957591880998734
-5.157051832818566 0.9330026631462082 26.531821780334155
-5.196093101907708 0.9886772829799421 25.15542226651413
-5.173972168457784 1.0371746194681726 23.74889732180102
-5.1570040307084435 1.044523011516448 22.331215923041988
-5.153665994026466 1.0861022955090278 20.92080346612495
-5.162517964320664 1.1227545859491446 19.506229165950234
-5.128886165364026 1.132739965421239 18.09972676956748
-5.126541650977778 1.1660057512752688 16.667069165742536
-5.129036326635387 1.2100511897659456 15.215822968137847
-5.12509984256976 1.1756436614039651 13.749729867348236
-5.142437079865216 1.2029024922364124 12.324303936746091
-5.167691179461755 1.2207707514497754 10.867950121750603
-5.177823026575161 1.3366278114266685 9.422833720055372
-5.21053342189873 1.3187229157102358 7.943503986740865
-5.221031512649626 1.29632825562314 6.5126782439509086
-5.25235665327283 1.3241851117887968 5.031774517706104
-5.269918419796872 1.3164838939371153 3.5403130304872477
-5.28687271263855 1.3937747857601757 2.0470000848751013
-5.303173148565923 1.3816903316474995 0.5567948602820465
-5.386899522198638 1.408964820747641 -0.9279664868610737
-5.424876417392602 1.5464441041105808 -2.241635538115422
-5.302683413300307 1.495056152731389 -3.574339304228034
-5.344847316197796 1.4522821977221587 -4.927890694010454
-5.325995690566694 1.5214514579648521 -6.295942507349914
-5.363050886655286 1.563924727044992 -7.650362279462342
-5.31742373968487 1.6498114542662918 -9.031045988455567
-5.342109160516932 1.653425403005148 -10.40521393819689
-5.321984100602367 1.7034637013798957 -11.788364130426437
-5.3121403561285545 1.755448644407414 -13.206174562393135
-5.311343903218248 1.8027229336160215 -14.561570575638914
-5.27694784049432 1.825420444965772 -15.963608902031341
-5.285361959812168 1.8838361663731344 -17.370977741215277
-5.285813175032149 1.926397955557427 -18.75553928717261
-5.295934257775771 1.9403740684480215 -20.142366950604845
-5.295023181069131 1.9920771596436724 -21.53655684186905
-5.297876892051532 2.050502900257761 -22.945787590427468
-5.327693085003385 2.0730516707404285 -24.350500027328447
-5.294071968187031 2.1258409617527017 -25.75769955092101
-5.316181713997392 2.193397620816028 -27.15731853915974
-5.311251642900548 2.1849622964106645 -28.566706286891584
-5.280778011343666 2.221721995583234 -29.966565418888575
-5.287046952944211 2.2366621093417782 -31.370486839094067
-5.252935337095825 2.296615533558826 -32.77097352097528
-5.233422985303921 2.322650797705266 -34.17757579825302
-5.216064475761267 2.389305587786099 -35.561631324141366
-5.193088778403066 2.4375615345580677 -36.97317526565261
-5.161301804454346 2.47056641606015 -38.38998493656544
-5.12422751927521 2.533684852376628 -39.80261985776378
-5.08278660504468 2.5819739508799753 -41.203507316801236
-5.055102030246411 2.6373001029617287 -42.614247414334514
-5.064088968659474 2.7319035150897886 -43.990719044785806
-4.975414012898035 2.738786801242063 -45.37581754623434
-4.997354764378652 2.697686865649847 -46.755366293209995
-5.004514793664413 2.710747670927826 -48.141468312600956
-5.055430160886883 2.7698533679065944 -49.53409837377966
-5.040511180989521 2.782827024419451 -50.908659044329106
-5.047284993747747 2.79746947952075 -52.305107390638824
-5.073386664725055 2.845957116823347 -53.675890891117035
-5.071435555134187 2.895517033979795 -55.06068776172431
-5.088700314136943 2.9126471001059557 -56.439198202969635
-5.085509485815035 2.9463622560504126 -57.84686360742296
-5.087449856086442 2.9550605498903826 -59.22625169504076
-5.092233602511481 3.0046688322804047 -60.62545020182968
-5.113945586127949 3.0107634132633856 -62.01835085189
-5.0971366471001085 3.076195040939615 -63.41572437352451
-5.1102810640705245 3.0953306440374067 -64.82079944981022
-5.119558087589956 3.1272133190334586 -66.21570822680351
-5.110027254573294 3.1273895272282006 -67.61507078542897
-5.100563851434632 3.1679612440464378 -69.02628841236164
-5.1009082016540095 3.1262242980215715 -70.43962369813002
-5.069026937448106 3.145453661753881 -71.84159346084324
-5.113755899704846 3.1931413684140946 -73.25520470445932
-5.095928361736035 3.2775988252595214 -74.67684696544124
-5.061438108145049 3.2549944040951133 -76.08932352480548
-5.054198764661864 3.2582171415036942 -77.51507736219841
-5.0372689004220055 3.2649243829798675 -78.91760204540284
-5.045198168746694 3.294402228184545 -80.35479226242636
-5.023166156184558 3.315328675249412 -81.77020048950433
-5.003033461896987 3.323457399704073 -83.19047867012401
-5.010813026146216 3.3506551075901108 -84.6139434666534
-5.006687176919448 3.387784685086505 -85.78870104525973
-5.070834396990336 3.4052357549771397 -86.95259924937211
-5.058894536392782 3.4047103251553814 -88.1367361421434
-5.058151008769678 3.448899484560802 -89.27218825574697
-5.095411639013518 3.4613191332959947 -90.45851139665484
-5.037411894288538 3.5023985255351415 -91.61296259095444
-5.122258731408112 3.5204051568223194 -92.71465060886064
-5.158338228568483 3.584426565355661 -93.85466112257522
-5.184092290973294 3.584019630062525 -94.97948622045125
-5.248662663104031 3.6059329818283805 -96.08117018764268
-5.27983313645162 3.630712697114182 -97.21538011751876
-5.314764337325531 3.6433736748160204 -98.333789594594
-5.358494300524113 3.676044648144501 -99.42269509285956
-5.3968185241302695 3.7196917542621444 -100.4674028702707
-5.4404576611919815 3.740402996094039 -101.56082291946426
-5.499276873706021 3.773056753082786 -102.63391168425295
-5.541902470023199 3.785293888390309 -103.68216754192649
-5.605818097970251 3.7712500193280363 -104.7529517716854
-5.648508063189176 3.8863355124942314 -105.8056465955112
-5.725708185737221 3.9304899073810273 -106.84667031853877
-5.811913059274102 3.978143744259788 -107.87828481938423
-5.749499042474673 3.9957874670897833 -108.90199511878944
-5.731420847795985 3.9198657255645895 -109.91876418583088
-5.865321909830707 4.018170318522737 -110.93070208861641
-5.839934934171416 4.035083756871491 -111.92391026626825
-5.859309159872328 4.048632330242604 -112.93258189059733
-5.862199635175878 4.07227313068477 -113.92193119392745
-5.87910383241154 4.110257758903921 -114.920494100318
-5.895751396821953 4.144848069729043 -115.9239853017713
-5.900388667729218 4.147802874954343 -116.89436036202181
-5.870276914834568 4.159929463657722 -117.85194836486896
-5.801460125824607 4.092115067742885 -118.78618078739268
-5.848596990444726 4.167290264136931 -119.73359557878416
-5.8095469799905715 4.106866482811946 -120.6399643700258
-5.703879128038913 4.070627089708656 -121.54333229226677
-5.699360653535796 4.1152395855409445 -122.43901543034367
-5.545779969178994 4.063366539729042 -123.27297677778294
-5.478839536291985 4.012577309933685 -124.13482521707293
-5.343097014737088 4.039619012855425 -124.95496859127176
-5.2458987582937215 3.947010238592235 -125.79867244461845
-5.138960559595815 3.9295567177312973 -126.58409077805871
-4.999109137674392 3.8657212559391083 -127.36384680186094
-4.887645350514917 3.8433631685424925 -128.1186506231707
-4.75683441874039 3.8501043305248883 -128.87479045890032
-4.6079638977032245 3.818446736352464 -129.6090437006543
-4.472168935571509 3.788975285927618 -130.31785368402325
-4.326704942688796 3.7406736471961834 -130.98884810145492
-4.165092040160719 3.888900920039611 -131.6535809604761
-4.015984787140335 3.781893923038967 -132.309273130093
-3.9225267342466905 3.67415344688664 -132.9449290865613
-3.6523432753067437 3.6290641165831246 -133.56592879948192
-3.597946974588874 3.5932515247956065 -134.17511370324604
-3.3977275221831915 3.7283755038620057 -134.75480063404433
-3.183547651235696 3.605586633275843 -135.3287711561254
-3.0073947176119487 3.6058007025865484 -135.87072623399195
-2.8035416467658787 3.5926748794100742 -136.38409584291992
-2.602865632678583 3.556874686360941 -136.9130099725469
-2.3854307943643387 3.535719488723445 -137.3870415764711
-2.162180634313965 3.4851117773875693 -137.91234257669487
-1.9442334719597767 3.4596639641806606 -138.37253305598483
-1.4496739044321172 3.386718543064613 -138.85674088962327
-0.9904099931312913 3.3632972628360096 -139.52174084811588
-0.4540050692439863 3.540020674725105 -140.0649902230202
0.0476455605774353 3.435959106203783 -140.61899690367935
0.681768475195403 3.3930188208835257 -141.05057537568862
1.1853781366424512 3.352336238252885 -141.49948616190215
1.7286718560413727 3.4235010663879977 -141.92519869903933
2.270447455867928 3.2842508539608515 -142.294623170085
2.7846643547232857 3.2942620024172027 -142.6674764862417
3.3144711554048882 3.2433724001336484 -143.01232939327463
3.8156371401051787 3.2189510727298174 -143.31077278492415
4.333089999235619 3.18753355322099 -143.5940486854246
4.847150160454642 3.1545701061087756 -143.82459226937084
5.347824095185006 3.126702843905056 -144.03285554182264
5.869480286581273 3.097399033161139 -144.2184893681396
6.37582489737153 3.087630630171341 -144.36841832973747
6.871813981628186 3.0600739036514577 -144.49830454609744
7.349651534227174 3.0618094508427265 -144.58774066962712
7.850255845916815 3.0605688093597667 -144.64212965645075
8.285033279042565 3.0822506941216106 -144.71610389613423
8.798919233481955 3.021470472103148 -144.70322402597043
9.257560840475183 2.999758780478659 -144.70453214128995
9.734426865280732 2.9536667218768335 -144.64400683265006
10.199676000578783 2.9210235772051383 -144.57841373639894
10.617290725285846 2.9028498528116815 -144.51043963857572
11.097247909215346 2.876900398261438 -144.38183913481674
11.56849711598445 2.8144104171039106 -144.23692874587817
12.017098513742704 2.8021082007175386 -144.04405228782323
12.51117992309874 2.7291315540145344 -143.86899265046424
12.964042115063783 2.7089715395744713 -143.65980954444797
13.122592258235024 2.7755299505710784 -143.10853002034145
13.34688135839589 2.833281066024408 -142.57184541614026
13.374653204280476 2.7073121897142713 -141.90944468598474
13.446485200298005 2.7166994248539456 -141.25600413207198
13.57933299204019 2.788129101535885 -140.62399685733266
13.51590987278126 2.739997265845739 -139.89923753495165
13.653905687777536 2.743339990169946 -139.27360427519355
13.639767701321777 2.733254548856069 -138.52599293893928
13.65210321478358 2.7560790988561807 -137.78813853788316
13.612179909445945 2.769164506906384 -137.0396658419788
13.557494931492837 2.7480471902196424 -136.24687948842148
13.557209981363043 2.725754969715399 -135.46281971983436
13.495623280210701 2.707453671912443 -134.6121906335611
13.438790819643874 2.6899521757986737 -133.77916303735842
13.358274020434806 2.705255661040279 -132.93362495625428
13.339228791959908 2.687696226846459 -132.03903878146403
13.226555016988623 2.6911460527070523 -131.12681622019957
13.178570553083386 2.5796433954098856 -130.1883989291356
13.11456178757889 2.6500128442327537 -129.22758420451004
13.002455960135428 2.7243485928198616 -128.22364787730692
13.09910605421764 2.7096600327602998 -127.27939591581037
12.851457642644526 2.6908380935324336 -126.18147794101668
12.788424190314633 2.486644733380831 -125.14275018967358
12.84576338124976 2.542399385548814 -124.11635449941103
12.75739072159384 2.4376298740429636 -123.03618597175571
12.684981998215791 2.4104596235833275 -121.93546339879398
12.632501518803108 2.37151536265353 -120.75410754955163
12.560451540095974 2.3403797889399485 -119.64987608401381
12.494347102162063 2.28072509179573 -118.53690814560085
12.438759149945843 2.258215734409867 -117.37318731334189
12.512904782351608 2.35201001606623 -116.07393531583047
12.36413606134025 2.1988538220856015 -114.8685723477725
12.351292176987638 2.1108762270854706 -113.65172808848031
12.380645310248715 2.077677231910767 -112.41559548858946
12.509195846732407 2.065694221716745 -111.147558845475
12.531989365822728 2.1638516345370657 -109.84558713561233
12.539161365681798 2.0376313358451483 -108.55505472125547
12.563976155584836 2.181909792235976 -107.24416967178718
12.590274006643089 2.139425058867916 -105.90731076242291
12.648962064502642 2.0913825497192193 -104.60850965548705
12.676505926171135 2.0789227327544744 -103.24671002691485
12.671326582854075 2.043704434251626 -101.87444895524169
12.711464472072734 2.0031354684491807 -100.51827147951026
12.755401369228583 1.9805888807906318 -99.18978797158937
12.777168337268073 1.9633626808448823 -97.81162398804858
12.851684441814244 1.968516737071991 -96.42222658550168
12.916612968411446 1.9171886890633545 -95.00864094531711
12.967661939138424 1.8699536835199686 -93.61575409647853
13.026016543637583 1.8582839959443547 -92.2173693316482
13.070140459595468 1.7119230935873961 -90.82687397893015
13.019220060250234 1.7279144393509898 -89.42425046412662
13.188752843815049 1.6660569995877177 -88.00893344231639
13.246693032283659 1.7046603716225663 -86.58207274949197
13.14680998037249 1.6070196631147797 -85.15141043319338
13.217953548507847 1.62392181633717 -83.6757218092306
13.290442089356542 1.616019850183232 -82.24441083230977
13.38146824798585 1.6319048345818097 -80.7789530942631
13.434747102261163 1.5977710708977475 -79.3168711076496
13.530981754177493 1.6152776729308045 -77.88266381420628
13.568136398199012 1.584725365628536 -76.41432049859125
13.563365433673825 1.6148050027339744 -74.87535382093675
13.486367357363028 1.5745116372918937 -73.37400569546448
13.474382027833691 1.495943124116092 -71.87179154866688
13.45660974921966 1.4800209995001574 -70.37802166881518
13.487073154777987 1.489204953337287 -68.84894474753224
13.460655012145741 1.4790648848777956 -67.35888170806001
13.48486284264035 1.4443932550453218 -65.8600290284407
13.482733917781701 1.4340490800648096 -64.3590738320774
13.471241951554209 1.4207522795151115 -62.86328038055812
13.48309761710204 1.4288421507269753 -61.37002308064035
13.503852597770246 1.398631518914914 -59.875544471029386
13.521864707539354 1.377225270814887 -58.38231220310877
13.550749520078188 1.3658002864704004 -56.883597128861695
13.560310946728238 1.3588836939985574 -55.384281345101726
13.593402529133428 1.3494125066493994 -53.898427194599634
13.661048016192897 1.36045294708931 -52.40282532521405
13.643776324816136 1.3431199982690332 -50.912724222333644
13.701451090874228 1.336940123740589 -49.44550224207555
13.723038849343155 1.317508955665407 -47.96541275006847
13.748782542000049 1.2746175092235128 -46.501009861642586
13.773993959667347 1.269629063645029 -45.0516459572858
13.79573446297868 1.2515344170375227 -43.57352661032137
13.800721268458265 1.2507991493194817 -42.137328452351895
13.834458880752706 1.253741548543206 -40.68656343050815
13.83159063903901 1.2355929646262407 -39.259581093131715
13.828840366852848 1.2059241777491316 -37.83013252267336
13.843731402407188 1.1715662112047438 -36.39138936906095
13.84059271797051 1.1910678222411184 -34.985470225293184
13.848672276028143 1.1514322130020471 -33.566929993848795
13.844413317085735 1.1426958570820829 -32.156852755211595
13.838932855105545 1.1841103990457005 -30.709270489878193
13.717322758955078 1.1021789968205076 -29.25018423855797
13.747477022375104 1.0291996103963863 -27.79467207236772
13.70579886409204 1.0133856568357846 -26.32349957468944
13.74497246357751 0.9964448703749086 -24.857202785181926
13.779397594480624 1.0725708256556483 -23.38336991581264
13.721362138105553 0.9324575602375642 -21.920975877510656
13.75081459853042 0.9931165425165044 -20.445921043794435
13.705740171137581 1.0046752476407597 -18.984772456158623
13.710710151701049 0.957897766225136 -17.50900024531855
13.707777860251026 0.9340282105550033 -16.03592248588841
13.679523827926984 0.9013297835469982 -14.556719157486835
13.701701328728259 0.8923185805856182 -13.098733279278026
13.692740628537106 0.9130546172700416 -11.643892515438878
13.699762652057366 0.8806788638300916 -10.185766043370922
13.717105826258068 0.8588836866788198 -8.737232473695617
13.730552139975629 0.8396818375371115 -7.286128657945561
13.728866916908792 0.8716303669959222 -5.839950357580097
13.730867670308081 0.8677100000043527 -4.396203621216852
13.75335874211819 0.7226296338761942 -2.9618088094039834
13.652343580708784 0.7126487072615186 -1.5378834413616254
13.725266191761525 0.6855315148442385 -0.10580358609161067
13.70225225535944 0.7898039922396451 1.299577534277013
13.639170902028967 0.6781389837345335 2.7119675182385024
13.628121991723996 0.6768784235001777 4.102176055963021
13.587707111363523 0.6738931037148572 5.4844989865959235
13.561479681784856 0.6523924799372369 6.882265028721321
13.516622674359766 0.6464857083258497 8.253327836442239
13.45066200516953 0.6219052270893308 9.63794001295986
13.389604845719239 0.6040511578090155 11.000921085881728
13.406643779823805 0.6190703884046708 12.359653111525748
13.177965959378142 0.484609240693157 13.648048351292484
13.318733596017754 0.4739364162688985 14.949413241217197
13.341424229064714 0.3846084328017909 16.27936629323412
13.342776107678606 0.343704579303521 17.61492954750253
13.499120464096722 0.4799743226880907 18.983101755903775
13.289745663150088 0.3446925454546334 20.355662728184235
13.296322857668324 0.42166365860755656 21.69585820560477
13.298915354709111 0.40861373535919004 23.07754625576348
13.283715912467846 0.3244201843942719 24.44872520889857
13.268292694295523 0.2735265790119711 25.78772516323268
13.229988278880885 0.22710410993247526 27.161332158819135
13.221143718114442 0.17462804080180933 28.509888716846543
13.210698060419611 0.18303850240716568 29.865677590478455
13.195993260865917 0.15545664699113476 31.222913026658432
13.209781549504003 0.10834894108531523 32.563974695654125
13.218260205831651 0.08829440135956301 33.90973029138841
13.229097975083686 0.2025003407185903 35.22880491214201
13.19479030368704 0.07261539481089496 36.542437870189445
13.252347981455973 -0.22317615959501558 37.84466125833107
12.867270466972595 -0.27787484337269386 39.132805911433806
13.264691279985716 -0.317531465111319 40.424775535748935
13.269052882354929 0.06535197009238414 41.718323425652315
12.877128125346289 -0.22595034930455005 42.985603291420546
12.871577559401095 -0.18490767166996191 44.29102236861662
12.825551632275415 -0.1804517233033387 45.51540977076758
12.800014011543068 -0.1821843546266403 46.77083085335769
12.749448870936057 -0.23270654185751694 48.02121866542405
12.700260904438448 -0.23532067871633022 49.2496876436362
12.641310276066855 -0.25813846886476555 50.48991719059046
12.6749014109067 -0.19893305124046112 51.797012904843335
12.541436016860743 -0.21599004189678345 53.03433228711689
12.487628530431111 -0.3658080079761328 54.31147747573258
12.517227755733398 -0.34928937751202177 55.568872737494566
12.58839493729872 -0.39326123728381523 56.873022042974085
12.508237270884418 -0.34854458212367406 58.1392190179798
12.528065389206379 -0.41702971652827436 59.41174317641803
12.538939333199611 -0.38458980622870775 60.68890370895632
12.535117648763137 -0.4194868726943717 61.97489259484601
12.55915175788897 -0.43166099095868915 63.24994197360333
12.526336030124437 -0.4479898028481719 64.50806860171552
12.50868687988151 -0.45848733603949154 65.7912361588823
12.513330457055442 -0.4650011290975327 67.05918473385626
12.48265276222029 -0.52427061096683 68.32929415495607
12.474859815855742 -0.5226164194645798 69.60474967897409
12.491604233819404 -0.5371349883144565 70.87267954075016
12.495561551698408 -0.5789753426713493 72.14086721402064
12.502299910696351 -0.6353720147982923 73.41035438188958
12.498635373043546 -0.6428347389316115 74.68496232285473
12.47776456671231 -0.670421237063446 75.95014141766502
12.482211200834262 -0.6670348733995439 77.21609831019423
12.459908129165495 -0.70053519860982 78.47603133732486
12.442523041015134 -0.7430362017177548 79.7418271576345
12.419137581434168 -0.748769479523389 80.99048479131395
12.391150217311479 -0.7779753326066187 82.26571742297082
12.375885306832796 -0.7987207992000723 83.5149926834307
12.346613942174189 -0.8115563732393606 84.78930385639116
12.32135798225937 -0.8415987259111918 86.010752673546
12.316525751742184 -0.8359491474150282 87.2342842933182
12.25845251138253 -0.8647409255363462 88.48226736769898
12.252440046361965 -0.9213239856458096 89.46103656151455
12.282460584175013 -0.8913198252309041 90.5348396602564
12.30689069536688 -0.8457282992749501 91.59142880322997
12.30470505477358 -0.9089954333373479 92.60305658267778
12.216824257680063 -0.9344852802737971 93.64883265241177
12.245697292010943 -1.0090485096882653 94.66776688612498
12.198393376538332 -0.9483071037569158 95.687726808899
12.173082660974137 -1.094899534995658 96.722619981664
12.134998615084207 -1.127418622951894 97.73397360702121
12.134839417682114 -1.125339104892423 98.78438882438164
12.100512698522108 -1.1702857544607537 99.79083730778996
12.077984658908921 -1.1906123755597466 100.82759308215907
12.03835755306303 -1.18874049509775 101.84951815671035
12.006976986163266 -1.256115745395658 102.88377885140541
11.978927644956196 -1.2609256777819076 103.91931754473949
11.928640926177886 -1.2738682134106072 104.94952600714186
11.927898204377646 -1.2929895861015552 105.97631184678534
11.895166497078211 -1.294040392373133 107.02209838840338
11.852429025097667 -1.3530070474386438 108.07290497943679
11.829006531338546 -1.3024331748473104 109.11646662191416
11.805858384052529 -1.3472246568982662 110.17386681921474
11.742534879489032 -1.361868531656735 111.23469048738137
11.68624963259358 -1.3491306072354565 112.28151435960028
11.707119574250308 -1.3471365803395328 113.34979470080351
11.650951884203092 -1.387234631297945 114.39408051469916
11.594380966848078 -1.4046039589247887 115.47604637633918
11.517099966733662 -1.4634101486959272 116.57810142527343
11.47709555397978 -1.4442339756440803 117.60951610882367
11.410320124634406 -1.4822770203753892 118.68773465877717
11.366721923685512 -1.4817568032353234 119.76115977582651
11.414890724442426 -1.448947257822162 120.96889696856437
11.297401478658113 -1.5704099854419618 122.11342133246698
11.453566919424409 -1.5621651427490537 123.27744927870553
11.506626645047135 -1.5911269376262585 124.46048318353989
11.551558497916817 -1.616111614542222 125.66110829994592
11.723345282838437 -1.5516970117740734 126.89500175716705
11.655672251131977 -1.6542890486730306 128.12496435285814
11.76359207024084 -1.6478640767788642 129.38304551428232
11.832196707329098 -1.6342630113643994 130.62107715582337
11.91740221843558 -1.6718891679073784 131.91545151862263
11.95685568814495 -1.6840059266081715 133.14311255927052
12.002901484819963 -1.7206681686030838 134.42395996888987
12.060619323386616 -1.744714043953961 135.7125354159147
12.109363536497247 -1.751458574733192 137.02334479460472
12.157984908349064 -1.726983636363448 138.32482396087093
12.213319277568713 -1.7411104415665548 139.6112496197483
12.290090191854057 -1.7688066893672578 140.91272227694176
12.32080200807489 -1.6629122882882883 142.22486948971115
12.355572504487254 -1.7645139137786745 143.53251143498906
12.392215122023345 -1.8824586243352297 144.81610468319806
12.249929535030965 -1.8979587700185019 146.1267062286161
12.413688973019923 -1.9146767761634642 147.4333600510675
12.400612072003343 -1.7163361634557444 148.75617570198466
12.219014247464079 -1.853263834196424 150.07998652117695
12.177571835365324 -1.8318999925473585 151.4106716871908
12.111363513467971 -1.8442198630320847 152.7128254431562
12.038517110888707 -1.8345427112764165 154.03648799844825
11.953661653981335 -1.8591071234807865 155.37486815007998
11.872419540869977 -1.8746641440187557 156.6884037635306
11.748189558429777 -1.90204798542237 158.0204675944675
11.74285763703055 -1.850562709146323 158.7349346742482
11.640287171945745 -2.0159949531746664 159.41124015135063
11.676553530951391 -1.9651261815601297 160.0755934131254
11.633228359323473 -1.9945851590935364 160.79597273248837
11.6177118693106 -2.0102208909282937 161.4846384558838
11.576950749163183 -1.9921377872451809 162.20827485635323
11.498973147007582 -2.01973290844132 162.93075703811436
11.428044351269943 -1.9900706180847547 163.66995968859226
11.369309111103515 -2.0455116801531505 164.40144727876685
11.30080701341232 -2.1029971248967136 165.15612966048232
11.24671068560822 -2.0940171434380135 165.8738147051364
11.163682866394295 -2.110778401103673 166.62574800672445
11.114051363916957 -2.1249562871715284 167.36157469920445
11.068551529297082 -2.1609086690336103 168.10980199984368
11.0010511927479 -2.131294283172548 168.86747503875498
10.934359132200935 -2.154725170456919 169.59368588647055
10.881510808263139 -2.1493707708875616 170.3516507348057
10.786057070070886 -2.122624298397588 171.0883826754996
10.718985275366345 -2.2093524775975797 171.82100728575082
10.666270069653946 -2.2727551889190503 172.54407101338018
10.519035327668393 -2.3016240931975775 173.27027499724366
10.509613633167763 -2.3306234146501636 174.00156869551085
10.427952337362427 -2.25937928151952 174.72401217515278
10.289887016231184 -2.3233345543594934 175.45528133041682
10.216106593601108 -2.311761044293963 176.18145272583197
10.116530628545426 -2.3151289215269832 176.9114612477717
10.038564555888478 -2.318829458428952 177.63217876928945
9.921098712347485 -2.322413911787078 178.35050628063118
9.786219471436318 -2.315834820485196 179.1125861264679
9.710104247379293 -2.3246438772142 179.80705786947715
9.656258745135277 -2.378164255956412 181.13918957062367
9.658114148933645 -2.3996802916705144 182.54618455846966
9.706227298532722 -2.375039036393988 183.9273533235653
9.684214060099118 -2.439767922994365 185.30332846376638
9.563993451866374 -2.465363553517687 186.64268059169632
9.620314383062954 -2.538237128892754 187.97266522867727
9.552737657556381 -2.493095395339087 189.28290331634534
9.562041014603953 -2.645730992409336 190.56890923277675
9.533949332726602 -2.6553420148930633 191.85942600640792
9.551242138266582 -2.6843800811910823 193.1095996417205
9.558043895105651 -2.74300141505167 194.37951218658162
9.550246808841248 -2.779191129732928 195.60108579455326
9.589475246710322 -2.7998751584708823 196.81210386790252
9.586920758194806 -2.8350964582534606 198.0066840689397
9.602746653550176 -2.8628686034954143 199.2029841139871
9.587689938721134 -2.8733786051757315 200.3701271561878
9.62266288759092 -2.9402196024390337 201.50903800943186
9.64065638567263 -2.8515266989000767 202.64271000373637
9.66319968268897 -2.913006793280218 203.7682835207794
9.724354004248742 -2.9341894503347588 204.86398874179446
9.693910608589091 -3.0005888357097654 205.95461628066408
9.790443126067577 -3.005203838430063 207.0199645506766
9.7846488190236 -2.9385486849207076 208.0715085292362
9.83867127273147 -2.988067218806922 209.1022466200003
9.863103185409646 -3.011860275627236 210.10948731054233
9.859062085284707 -3.007191854777929 211.10650679698387
9.853120078476662 -3.0564093208110865 212.0921614838217
9.872787185140195 -3.0497170074826476 213.05294201541093
9.85925948358392 -3.0664962020595645 214.01322390696703
9.873870451331044 -3.087090846705342 214.97332102911912
9.85353205250964 -3.0850668071041083 215.60627168496842
9.8370504844908 -3.086737617835324 216.17135835651686
9.882845633970529 -3.0676934303692627 216.73720330024366
9.836992323029776 -3.1080334418259548 217.3081389954515
9.85491360913887 -3.096264803182423 217.8443503235716
9.855717423127945 -3.1008704084901897 218.40311162321163
9.885438735120333 -3.0864483453152394 218.94485835751118
9.934559809251512 -3.109527074824353 219.48490419236052
9.956810988577896 -3.1219265727299206 219.99064390736694
10.019132817433366 -3.091100665794791 220.4933054307787
10.064486401811969 -3.087833049752981 221.0053711324247
10.119400954782423 -3.1122139972134835 221.50396026649494
10.1954734260162 -3.0962658676876385 221.98575781129767
10.28561289402632 -3.1149102763347267 222.45584417435435
10.364024190599297 -3.1125927153189483 222.92610428281594
10.431543416011609 -3.095960454660329 223.3857146690725
10.543554544406527 -3.120916029219691 223.84597001330218
10.620216951340094 -3.090333495573378 224.28242261483288
10.74357500247269 -3.0689976286454432 224.73590680513936
10.884120576424602 -3.0719926582420367 225.1508040709717
10.99098906860593 -3.092251201052665 225.57455632786966
11.08071487685735 -3.0844454683557463 225.98410427520358
11.185484586146757 -3.0836972368122137 226.38038443222476
11.366251743005087 -3.0900499088879307 226.7863070803029
11.525329930557533 -3.1025320071629583 227.18508270729825
11.679730075701919 -3.10413192790741 227.58774475846272
11.841459894133745 -3.118210073088238 227.9529467777337
12.016325878386555 -3.112414767538353 228.36832616867878
12.174105840011359 -3.1109380975531837 228.76877315680903
12.365467164370894 -3.1192153995929415 229.13955103383245
12.422583207100146 -3.1482054803911015 230.31235534915174
12.448311843033617 -3.165181830640828 231.4646770457291
12.390351464107988 -3.27548637224697 232.60256754865753
12.402236823253318 -3.297634841217868 233.72793458015047
12.497040589028138 -3.305691505029183 234.86295163941438
12.461490096280325 -3.2963895014912326 235.98356472563503
12.53337234698173 -3.4145800091207223 237.10387260158691
12.597527949266151 -3.3354940455267617 238.2030113517355
12.626837194645189 -3.408329374062271 239.29547680209876
12.661506870301645 -3.421472178694801 240.43480861664665
12.660491829555117 -3.438794298683524 241.48190037331707
12.676550811604576 -3.4748084768327026 242.55805969778
12.686253461221579 -3.511387195092669 243.6224868562819
12.680967670579735 -3.554618251179691 244.64520100491015
12.706999626777302 -3.5677092914910213 245.69025973498532
12.761865990638466 -3.5864505891677494 246.70883748221263
12.739125053131817 -3.6166286882145613 247.73195571401914
12.767641767124022 -3.7469134716543486 248.73720878197392
12.770519136167646 -3.6972852122964444 249.73302314911135
12.767455865960473 -3.721864402349699 250.71226700670078
12.842006176010234 -3.7089119273936246 251.67907043794645
12.766338587979309 -3.8033459698920558 252.6538409464216
12.779681712099793 -3.951185840320221 253.59950624144432
12.87463432294271 -3.9059567342472405 254.55879946958356
12.915227486843689 -3.9190704548427036 255.52574980409474
12.95217100881265 -3.9740885164169146 256.48216115684676
13.021414397057855 -4.001428256837091 257.43235412933643
13.04859179367099 -4.00604971557628 258.37353851992873
13.105598344528607 -4.030960405529242 259.31766418224106
13.125107247745927 -4.0481533271105015 260.25004821040335
