-0.03302456759243123 -0.0552270362076741 0.9696535094601416
-0.00353125378924138 -0.037716654149718504 1.9687803207173558
-0.00022330724815807428 -0.027908726234448254 2.9543458845415813
-0.023290293093189016 -0.02531346996708339 3.9229331861984877
-0.08743616680772044 -0.05117520425257683 4.9013671741805265
-0.07468561519251421 -0.09724857726611714 5.859679589823422
-0.08988602846171706 -0.05597568087777696 6.8171933032472385
-0.0972723547516 -0.08522529439750444 7.760965048022868
-0.08825372446009155 -0.11740751575615098 8.707882010389568
-0.09646607426968248 -0.13364710555396433 9.654902446392132
-0.11902056077793087 -0.13742395395395615 10.572719470384206
-0.14004086842468239 -0.15445448984696644 11.502072137761495
-0.15588394643329834 -0.15890946022746905 12.426768967588004
-0.15511744512052691 -0.1945470146307702 13.334257699794614
-0.16845460976056473 -0.17843495734951112 14.250404840220392
-0.15109065867857158 -0.1774044830113913 15.151015673934966
-0.14752691140192736 -0.18538289219322737 16.03867179702829
-0.14182417693325022 -0.2187110052555623 16.933656906524273
-0.1492527927624028 -0.20894652906331765 17.807424671921847
-0.16271116347959622 -0.17905490743949884 18.667299311253952
-0.1652798251874214 -0.1989793081240559 19.535699798153125
-0.20376605213403143 -0.21149416673349403 20.38334261193458
-0.2298954911643211 -0.2143018138659386 21.227344297541666
-0.25003831418748723 -0.21435378952790565 22.05644768446942
-0.3059165953432339 -0.22766784202374624 22.886708831889514
-0.3500605398963877 -0.21918301778567226 23.701625361088187
-0.3939710130487834 -0.23409477262215905 24.522090366916856
-0.4500456915266781 -0.22635537889054042 25.326068252794336
-0.4860834937951442 -0.2262584472541451 26.14226842750303
-0.5381191827331374 -0.24095596809988343 26.93078534692253
-0.514182102368035 -0.23867543737398814 27.721761658904395
-0.6180744663700873 -0.34055397163137197 28.434042988767537
-0.6164995319205444 -0.26786025376593803 29.15485693379701
-0.616751161530504 -0.2980837481797263 29.885646220113298
-0.6316014709570922 -0.31137496490963823 30.595314855131857
-0.6579299756821172 -0.23419455678265835 31.315749279466743
-0.7188545466251699 -0.28543825046181165 32.03749634760629
-0.7505226175708586 -0.21629531993216172 32.71960172469143
-0.7389433394736113 -0.23727008390820725 33.43186401676638
-0.7789425217692063 -0.27205051547482295 34.0973877057244
-0.7924140681697527 -0.2925288565636949 34.767408958716125
-0.8194809044799102 -0.2998005325378868 35.43639549015024
-0.8629569923342202 -0.3039957247525329 36.07995895600155
-0.8582875597243897 -0.3122978043902792 36.69974182528304
-0.8787523233165406 -0.3071889889281616 37.33120397110101
-0.8704243672795766 -0.30905559603395083 37.937749162449315
-0.8706599658761993 -0.2982119286463156 38.549831484604866
-0.8457364809849608 -0.30319761563734376 39.13737035815426
-0.8537199796063031 -0.32041044260058016 39.70115102245788
-0.8233234174660549 -0.38075844094485334 40.25036666202621
-0.8805760109406061 -0.3780920642156993 40.79761713129767
-0.7948873129406471 -0.3870364259792046 41.31015739245652
-0.7740189569331182 -0.3189480066024647 41.82701465733247
-0.8307960874242093 -0.3757570897731795 42.31964489045849
-0.824208213909436 -0.35523256944393655 42.824207952142416
-0.7951961079054564 -0.3481802459130728 43.30416146749
-0.7818127616293871 -0.31935734658442383 43.76610364910624
-0.7390912705645516 -0.30813706774064753 44.23520585159831
-0.6988461485799202 -0.27351972902604527 44.69479135832663
-0.675053555166517 -0.27508866388809095 45.11675616728796
-0.6810962347759443 -0.3091359700347045 45.366701375199014
-0.5985464644695181 -0.3264236504798598 45.76224714251529
-0.49312801017287966 -0.17802880287771286 46.12341463009705
-0.5002923279672064 -0.22454179063182936 46.48831201228078
-0.6417733203394455 -0.21184262207377227 46.84216177341016
-0.54258570071957 -0.2710469896914626 47.16078081431844
-0.5161056646201003 -0.20839971940143148 47.497651866539435
-0.4717260571968671 -0.3276470154501393 47.77325868585158
-0.3910607294071013 -0.28711297675243785 48.03987402959121
-0.27646562114051454 -0.2964087095817246 48.29592459109783
-0.17644166269857725 -0.3312039582842486 48.56504019599552
-0.06508453190286267 -0.37425661006579825 48.799857741902905
0.06425980419899291 -0.3771336488073007 49.04275365552534
0.22087176636540906 -0.4125689491006704 49.281174418048955
0.37299007468363576 -0.41708406635006223 49.516189014103425
0.5371234159055757 -0.43555002809176085 49.73120222609527
0.7283504402888287 -0.4457218287259574 49.94058152093332
0.9359158977223302 -0.41325013275226014 50.155162768430706
1.1194278140652223 -0.4091415159172056 50.35539957278995
1.4257749164964215 -0.3518870409505903 50.55018751202791
1.6362808873553005 -0.45166186388425295 50.748634376186935
1.8282744052691555 -0.42266912408526636 50.9133317658041
2.028928483584454 -0.4183814296295569 51.09591758445518
2.3733615622568056 -0.4273633474370621 51.263101554401345
2.655654046107392 -0.41466324729828963 51.42993836322025
2.9041115851988604 -0.4098767938123395 51.59043802968833
3.1544679069714725 -0.45812086708178 51.741078869750545
3.463981385959228 -0.436285397053257 51.89138993582301
3.745622200759119 -0.47222083622342687 52.077229960107914
4.094725024477803 -0.48883688752932297 52.21366326813538
4.2595966828078415 -0.581196746530204 52.484327414440024
4.758963365998387 -0.5439039344185804 52.615992500800935
5.115800470860499 -0.45353304692290175 52.86543292682776
5.462311409174375 -0.4590793564517175 53.12531662377692
5.75619063175341 -0.4585077359812592 53.406562855864934
6.145754508386922 -0.5951003719154273 53.57892705364059
6.628367268234944 -0.48826609599486337 53.676028785360685
7.024317038584707 -0.6531036475414013 53.838731901037036
7.460611943846729 -0.6600818725430613 53.95150419590762
7.927068143559014 -0.6811722067658579 54.027203738321255
8.436473584982995 -0.7331802445011054 54.08641984332655
8.928231121326142 -0.7664387809362982 54.15480398303091
9.433015700155881 -0.8073393975246463 54.218825823378154
9.951382868031441 -0.8768767674174551 54.24317066115083
10.489663063155007 -0.9110215408924495 54.26875311542031
11.042051454736233 -0.9655480729394441 54.274528785381314
11.572597887411316 -0.9942067379642342 54.28920874524978
12.159083284551048 -1.0577445567941401 54.287712671731455
12.741401335973519 -1.0488314476121936 54.26267291345391
13.378506839014495 -0.9325228830256675 54.23242975658321
14.078913303430143 -1.009081042641351 54.091988306438004
14.550857116285707 -1.0275296784071897 54.17130641382625
15.138602806510377 -1.2055430016555881 54.13548901156598
15.89280412170351 -1.1696695117211078 53.94676361270709
16.484986587829255 -1.2616607962353323 53.893692986969654
17.097620844061915 -1.3132902678348277 53.83149796913675
17.718769076055285 -1.393811281002519 53.745821487306785
18.380305573513585 -1.4306072911140655 53.67648961475982
19.044005261786502 -1.4828290269697164 53.58999745300989
19.705964509756676 -1.5452862203645203 53.50954840704049
20.3637628993092 -1.5841035630594122 53.496024469572546
21.053014336021555 -1.6870311670162823 53.45624167696199
21.73263944965731 -1.6778893787720994 53.37763387494744
22.424394741628685 -1.7402156991863964 53.31653053772313
23.105414894381685 -1.8028553834413796 53.32068546960755
23.79693088590516 -1.8176919939607319 53.2559374695627
24.50261703544204 -1.8758919970047538 53.23492687365611
25.195132080343814 -1.9647252821202836 53.194179528464886
25.897810521111943 -2.0244743558687963 53.143017182062465
26.592257506529958 -2.0734360962765015 53.075470720441466
27.30205824757781 -2.148242001560667 53.01357058036641
28.017356584640364 -2.1800899532111844 52.97168653728694
28.724285938473294 -2.2495639244124694 52.908348657821655
29.436021978813237 -2.2964651758842214 52.861034751098785
30.159675611402793 -2.359001011422191 52.80142086899328
30.865461237377122 -2.4028333018808024 52.75327166765063
31.577891602637763 -2.4699756657070027 52.701081668188394
32.3064379655068 -2.465257707536913 52.6413104612041
33.01341912532065 -2.542850100865603 52.59467648473584
33.72569172191526 -2.579829975577875 52.49600799254689
34.44342448393326 -2.686856062627455 52.48657710312688
35.153147618819446 -2.7034654098551503 52.40597552186468
35.87543163345124 -2.6978317198686423 52.36645995079472
36.58671189573858 -2.7920392772402858 52.33692167776526
37.301611435634584 -2.8398973074252765 52.30939587622677
38.00578410253394 -2.867638108697563 52.289543608585255
38.701916127796196 -2.9434687957785384 52.26717739740671
39.4140332304451 -2.9816332152958474 52.235049619936326
40.123077712489454 -3.0146595266521516 52.217027988352896
40.83316578667205 -3.068210854187842 52.186916875295694
41.59877465207824 -3.133596555002974 52.26489766130341
42.35989947798109 -3.240758976709585 52.28644318050066
43.148301021734504 -3.22749590565792 52.332964653912235
43.920119216447105 -3.2865923151420087 52.38540948758165
44.70155398092329 -3.3390768980832304 52.52812126284026
45.47084466549165 -3.5054942868607135 52.61219371484425
46.258370818284845 -3.4739175058568303 52.68302314135425
47.029766346068804 -3.5980079037347794 52.78111393650546
47.81130458075281 -3.6743249167958294 52.851968908202366
48.56930790860339 -3.7345419035196734 52.94377929953277
49.34170114571786 -3.8058909006824577 53.04139129895422
50.10903180864878 -3.855494161667722 53.135917800374074
50.84951893497533 -3.921491903456385 53.23821278191943
51.5910350969841 -4.010109518238131 53.333392866341725
52.32692375638797 -4.042335316779438 53.45679485136574
53.07347976092794 -4.090108509163249 53.58771641745122
53.794856167639345 -4.162883893116055 53.681195008848974
54.50700547249204 -4.203815069736958 53.80459037467591
55.21431635256661 -4.2813496720095445 53.90261777716163
55.922159879145056 -4.276349916096366 54.03625390320265
56.61811913366782 -4.322320051630932 54.13195135889445
57.30725021874949 -4.365527981493027 54.26269756819139
57.98827546523813 -4.4600841042950075 54.410675993258664
58.666240175447 -4.463351461154412 54.51896978709691
59.34079856497154 -4.5518477720713015 54.67541490257481
59.9981201455947 -4.601918327398232 54.818803468207626
60.66433856955483 -4.650138139292802 54.98123647419021
61.33254646536729 -4.706220247825751 55.13058866904922
61.97647905665825 -4.736973511777727 55.289823958225305
62.63164074277394 -4.78981762584997 55.446482763792034
63.21782602383922 -4.892716117569278 55.64286626665909
63.991519296282895 -4.919835333965339 55.66204175526007
64.70242204204895 -4.912640404645298 55.798551366722954
65.39638052861442 -4.955945831674371 55.955062233936616
66.06417121828837 -5.000816682933984 56.18308730296816
66.72015270782336 -5.155131476075193 56.34177944675519
67.41784712777219 -5.122025910789351 56.42029197675324
68.06337173931001 -5.303459438936535 56.52984312192277
68.71277144395727 -5.328832571713397 56.667202253582595
69.35982292770258 -5.360183759181006 56.74929437285218
70.02573243438233 -5.4334422590597455 56.83191554496971
70.65361678154945 -5.508640476818836 56.92410844735798
71.28376110949823 -5.5425045682577645 57.00582889356342
71.87907624194615 -5.603731887000344 57.08580317958059
72.4957557637509 -5.63915746265421 57.17588177193804
73.11558487757017 -5.69773282990133 57.268036100021995
73.71753296150452 -5.783131165864735 57.354041163801064
74.30900231256803 -5.844660690403169 57.43512897334485
74.91320821694431 -5.82275777251839 57.50564457032964
75.50534751298972 -5.755356592783421 57.56737662698569
76.11328594610598 -5.82445178405092 57.536793755051676
76.6625696840028 -5.854802740140909 57.733271114543975
77.21425246674698 -6.023334279158377 57.83982107213553
77.81697535526469 -5.987597667565112 57.75088342733226
78.37978886477539 -6.057493665554988 57.82520921382959
78.9053984238306 -6.110784834697119 57.91795299473587
79.45495613036589 -6.195313247348978 57.9963480687359
79.99783471490396 -6.213258115643911 58.07482645819202
80.51293000494488 -6.280592405068118 58.14645219734409
81.03176027343339 -6.333726492007457 58.242234398339455
81.6172761329869 -6.426175074114804 58.48270562552198
82.31753167030973 -6.379763079881923 58.55572725598276
82.97047916014427 -6.442264567432245 58.841004703879406
83.59112459034415 -6.500537517534339 59.060483757013735
84.22965572597917 -6.5611773955681185 59.33141030510107
84.86608031690187 -6.686283750308849 59.59816124234107
85.48612620705273 -6.6627174639555165 59.80808558139784
86.12340039531388 -6.791698384538157 60.07929945354179
86.73551697877684 -6.810764576801684 60.33449842804341
87.38597858418095 -6.844956628640078 60.63405901854982
87.95406121936428 -6.87783586710934 60.91706624691549
88.5848692836468 -6.925066108938081 61.20401044437003
89.20267198746521 -6.95043117111369 61.475479540797146
89.82066200434828 -7.022950547495542 61.776162567786926
90.44514049663292 -7.060589948006167 62.08362907546411
91.0464634824013 -7.101514172949629 62.353564823864495
91.62677709943347 -7.178633720052421 62.66642503474721
92.22509657010102 -7.26199705639092 62.95806571181261
92.82493701509999 -7.261874590209029 63.25303509523151
93.41942936515544 -7.2017316076501405 63.55163753486311
94.02523263730035 -7.26464735683065 63.78307761827563
94.57619448717152 -7.3074619674001955 64.19112661849398
95.13316062676915 -7.4758684834347715 64.51503467912954
95.73816965580706 -7.454766392318201 64.7615072750279
96.28433654874958 -7.527174968537634 65.12375415644227
96.83033521663289 -7.613487327517483 65.45573685084553
97.3899004544345 -7.698639906524312 65.81991908378241
97.93013557864495 -7.722259876288282 66.17753750441986
98.47278797724229 -7.8142813492042436 66.52085731924032
99.0045647794771 -7.880073601615361 66.87015328993897
99.47444806314574 -7.927124984405418 67.09009380388406
99.90847691182184 -8.025837547407788 67.41564512400193
100.41366669475428 -8.016889952514619 67.6625841719417
100.8840251352007 -8.077895338534248 67.90702828951635
101.36529344680277 -8.127383675702108 68.23807591404594
101.85678377247687 -8.142951945553165 68.47680200579579
102.33237668267202 -8.168389923881342 68.76560250436404
102.81930820455379 -8.23095463900675 69.0334233712181
103.27265629259433 -8.245967770546569 69.31527528818228
103.75531937248215 -8.316649876040954 69.5943971284052
104.2274700387874 -8.35805832505572 69.86896372287563
104.69690835138275 -8.411598779199297 70.16700835954244
105.18613109161075 -8.459804844970325 70.40889583634265
105.64456231851551 -8.53919118626625 70.6915469123043
106.15456965389879 -8.581414147611643 70.94703476094192
106.62346468014468 -8.633353604562513 71.2052220144738
107.12608534095942 -8.697987169227497 71.43249719168014
107.61285351849955 -8.714242999135974 71.69103319556574
108.10614710773555 -8.761010435236955 71.94195793562051
108.60567462174423 -8.816492190210495 72.16445084397546
109.09578293944553 -8.86472099343822 72.44258452231789
109.60304239189148 -8.940464269129553 72.66591038318035
110.07181340743173 -8.97958782610045 72.91837242020011
110.58075553571285 -9.035637692505915 73.1385980286894
111.09538262786197 -9.088279397631556 73.32352148593671
111.60125882701917 -9.125305913373953 73.53258973813126
112.09632585955451 -9.20588264659051 73.74582137594395
112.59545613763424 -9.235894020927578 73.9578122537559
113.1338203883834 -9.292157449050826 74.16938707567672
113.6462387577325 -9.360955728086736 74.37621243362612
114.28845288957781 -9.388728573724064 74.81557052762659
114.8347585626705 -9.44175275234201 75.3226425186879
115.39557341041053 -9.562049799004717 75.85118249020354
115.98397998453073 -9.589006194794756 76.36162866895397
116.61389195637514 -9.64041856100021 76.86354340920835
117.22369640020472 -9.664421845405707 77.38585344886721
117.87093255527596 -9.772827100429451 77.88606773032565
118.48367719628878 -9.762262553402115 78.4139810443755
119.10389685967994 -9.82437280350508 78.9462968044682
119.70987540708448 -9.869748677042194 79.46704938406836
120.30811720456103 -9.917183601725224 80.00891552393402
120.92133907434707 -9.996660972836624 80.55555119448167
121.52801594608914 -10.037270300642053 81.09419244583974
122.09765690929787 -10.110912990550242 81.64180660669894
122.68159682095448 -10.145926121000272 82.17476091562014
123.31475678086466 -10.197965877470706 82.70603702278272
123.92790672618337 -10.243725145809986 83.24016979688088
124.54056953917801 -10.379114789430949 83.77715772928092
125.16290867547482 -10.394584764840321 84.30710215331409
125.75394108160026 -10.462643180431394 84.86492022315483
126.36799341924915 -10.499875118683558 85.38330379345113
126.96489727809173 -10.558037653499882 85.95531697072803
127.55624779806463 -10.651584835950679 86.49289579520084
128.1577591706061 -10.727200035141076 87.04810386127602
128.75334538006402 -10.818189628011524 87.61842355565972
129.36171323690132 -10.891460168554335 88.1775676402
129.99316546414406 -10.944656908174782 88.75056609263599
130.59487601858308 -11.014359407969108 89.30388778959886
131.21272393586926 -11.082987336586385 89.83132799334363
131.7925359978652 -11.133719874043608 90.41944813811179
132.44033784677342 -11.200662157411367 91.15988105729119
133.11988340835137 -11.272789960882818 91.81971271157583
133.7369098423513 -11.314135942996892 92.52385911121121
134.36872081508022 -11.371068560785611 93.21419495376621
135.01227329687794 -11.424561186970942 93.92595613124435
135.6593465671833 -11.491669430067807 94.62294669451147
136.31267024922968 -11.544801990061615 95.32914802673127
136.97282136639504 -11.59981450910149 96.03741884625991
137.65877626030723 -11.669325908824375 96.7230676898692
138.3151150579823 -11.725564979687908 97.39640238041713
138.99964977570855 -11.755389241263762 98.09113542846315
139.69211091362774 -11.815192596084403 98.77250019534382
140.37004836431797 -11.861807519156258 99.46205617219249
141.04647182837593 -11.891812381461593 100.1206111999015
141.73977776028337 -11.945545838189513 100.7991375772685
142.4434521411207 -12.006153523014028 101.46525769072505
143.1306186965243 -12.05216018582761 102.14669468036033
143.8315411276122 -12.123165514846225 102.80335766593954
144.52345850581233 -12.161106331725508 103.47738522432996
145.20730076320118 -12.178933892529393 104.12537096201804
145.92445717362526 -12.226197717821 104.76533963157209
146.6057581002545 -12.26264097976858 105.43678256625972
147.30874213275067 -12.363241420440456 106.08259668061599
148.03284921658326 -12.379305592289398 106.71320401734104
148.748034587304 -12.468355798743751 107.34146094567154
149.45120097448705 -12.503154624757519 107.96199974531775
150.17812334295908 -12.5675297339193 108.5794987822497
150.8990385507787 -12.614506707942706 109.22057406624211
151.61431462145867 -12.667508251117711 109.84031809656223
152.32405610901608 -12.73907698920096 110.45929075408824
153.00439556372024 -12.856908920403738 111.05570960108302
153.81299770380792 -12.853796595209284 111.62512612415628
154.61226935417508 -12.874267722904753 112.27189775811162
155.4258203063798 -12.967231030958443 112.83839275823244
156.1183692148121 -13.031699387264164 113.52915397145203
156.92775542687863 -13.169641476629987 114.11342962760622
157.66014983970672 -13.154892179083811 114.80337528783116
158.41627359280108 -13.32440203207092 115.40184461814528
159.23507455850734 -13.398918504938262 115.98246754376527
160.0341378332832 -13.477371659739752 116.55370848330294
160.78929380372745 -13.532184270804194 117.15768382295072
161.5687743317052 -13.580792502101133 117.68996562072499
162.34770819532173 -13.66326770870461 118.23813168980506
163.10128815831266 -13.735289372077256 118.81266547042729
163.86298344253535 -13.782041054777366 119.34358022207545
164.61566874595198 -13.847816413368255 119.87500207879128
165.3698946769401 -13.890081831743222 120.36471555138294
166.13446643920463 -13.905185951495188 120.8542008066566
166.87776790045666 -14.02897139590175 121.34225627720508
167.60123077716406 -13.997843927746938 121.83546088546896
168.36648980209415 -14.06181049088134 122.25688127864578
169.0702923768057 -14.090079011491031 122.74935572880638
169.7953595254772 -14.11138072583462 123.20435046964722
170.5821470167159 -14.141215258240164 123.59929632016006
171.2893939211029 -14.258947018993702 124.03546581440483
171.9848852417025 -14.326743435046282 124.47427564781798
172.66309491536603 -14.42005400132691 124.92246936383648
173.37778395984694 -14.506867687976166 125.33105923745737
174.0568310948411 -14.573170524546413 125.74651246494176
174.76952375980812 -14.630225831427264 126.1401815976083
175.36657357493655 -14.66468692715438 126.48492508013396
175.9439505469217 -14.729775066931547 126.85978536251682
176.52335772359763 -14.81852579043559 127.20661520182327
177.1290502096942 -14.849496972172016 127.55716429932438
177.73798901480362 -14.904653941706812 127.86729634968835
178.31719985154555 -14.924573633200714 128.24315578001054
178.92768386095665 -15.017167121587491 128.56883344031058
179.52049795136818 -15.056904044927519 128.88341821689414
180.11179868642884 -15.124339039074192 129.212289127994
180.70422954175328 -15.18286340385566 129.53767169787315
181.31031438333545 -15.23499613986595 129.8316827516588
181.89217681210778 -15.303350465159662 130.16027216265937
182.49887815701675 -15.351828580899689 130.4583336792365
183.0911777037352 -15.416183145264627 130.73025525507586
183.69774611142407 -15.459445434287415 131.0003976847594
184.3234658059028 -15.526881746355619 131.26291418973767
184.9186883237794 -15.588755559985591 131.54022498461214
185.53426249282492 -15.625224763999713 131.81074654854257
186.16513490574715 -15.686475842717805 132.0662103510477
186.79364180584594 -15.773973682957175 132.31046985720576
187.41849668429583 -15.827286796520372 132.58255304670854
188.05082698748802 -15.886721333898336 132.81909155492002
188.67234905464284 -15.903571640694171 133.05820130974587
189.3077956801983 -16.01175064132227 133.28178489452614
189.92407448623715 -16.07805949702571 133.5167465424425
190.55903178973793 -16.14508826613788 133.7547201770657
191.18397195617752 -16.223673729243423 134.00099182915815
191.8277661329708 -16.28248216758823 134.20396842396485
192.46681893461857 -16.34055323551657 134.42583658663204
193.10251128932077 -16.407569273193673 134.63878760583754
193.91051587646413 -16.486226868640834 134.89089626624116
194.67356103837025 -16.502522622802097 135.1416752501475
195.41031824241702 -16.61369113490119 135.38288793391501
196.1827230016224 -16.681165035865497 135.6238775739617
196.98160450169067 -16.746680526551806 135.80441868537542
197.7888323044123 -16.799033533986364 136.0048111773382
198.60614702625966 -16.914287805315645 136.23834069575048
199.45049047512754 -16.965074487607957 136.3883429934202
200.31674479142413 -17.041122601864895 136.55791787018651
201.19499851771255 -17.13441540510055 136.74640276715317
202.05332535193938 -17.19763009801705 136.92110286021932
202.94945558625005 -17.294236193769922 137.10407962276153
203.8267874190182 -17.377615912398635 137.27748563339574
204.7277521177568 -17.444720741738383 137.4283929294332
205.6291971291173 -17.505841343701178 137.5828462021258
206.53487065545005 -17.576974723962305 137.7365485154355
207.44825668000405 -17.634943455552357 137.89253468021255
208.37287452115194 -17.745658039029163 138.0301198488226
209.30134920875517 -17.81700729593954 138.18331676396127
210.2300875281967 -17.90615390625938 138.33069659246408
211.16199231855444 -17.964822561451342 138.48960386433626
212.08472941032602 -18.059200146395806 138.67559516353202
213.021120180288 -18.155739396326826 138.85271161158468
213.96661581187846 -18.231713684660225 139.01149569088093
214.88299421667864 -18.343764517635982 139.21577942303944
215.82633561758283 -18.44636912428542 139.4012777770131
216.76755477578044 -18.533544198722698 139.57744847887923
217.72838264402395 -18.619502171429673 139.74666397635528
218.68565574358036 -18.715364847945313 139.9270216149677
219.6461071930562 -18.802469831670663 140.07307693771315
220.4706303146556 -18.901261589247667 140.32787742697997
221.38487560125222 -18.91050428822595 140.46442030068368
222.27986786123836 -18.9889526221405 140.6661734978423
223.1731753239482 -19.094346021345558 140.83526275924848
224.02735640089122 -19.171614892689917 141.13281302450594
224.9135872621247 -19.287509764382467 141.27861593506648
225.78129520867935 -19.33865689462273 141.53614243700795
226.65000204021717 -19.492059141015783 141.70507174313477
227.52940554891785 -19.556501129386536 141.885417369181
228.4239980513541 -19.665359806461083 142.05900946356095
229.2985261280986 -19.734157249356578 142.20831587731402
230.16353364010772 -19.830267246078023 142.36953688262457
231.03340699586974 -19.89692221287758 142.4900475999041
231.90057425101992 -19.9960266496946 142.6223391231918
232.77298741836842 -20.075404017580784 142.7415952925681
233.6323446622166 -20.13790650308855 142.84309430780306
234.50182194769297 -20.232905401198973 142.93234754142597
235.34400951726408 -20.282035472289763 143.0436284916957
236.18331858057792 -20.379692750218457 143.11944368804166
237.02647360196912 -20.45165435348018 143.15270651678344
237.8387853305498 -20.548875101765987 143.26206286559983
238.66749166791664 -20.627270786725887 143.32499545445225
239.47701966155515 -20.63806744358746 143.39203079299102
240.26946460574106 -20.728030610091047 143.47671634831426
241.07277454910874 -20.844465999170534 143.5694269291688
241.841315888057 -20.92648186876397 143.66405314945152
242.60731714407706 -21.04586387277689 143.77229045843575
243.37903751684036 -21.100884090571785 143.83000680831904
244.13505989346828 -21.189002861582985 143.89096199686463
244.89701617174472 -21.281990974162397 143.962691308259
245.90233821272096 -21.3551125683691 144.06590201946184
246.96732230642914 -21.456910175330364 144.16716622135047
247.9778188164362 -21.528893795476364 144.25014774881262
248.99074444900566 -21.63859285062655 144.3373354608551
250.025307802594 -21.748228502694776 144.39455523899673
251.03858877838033 -21.820687227671524 144.45575129151675
252.04208839330462 -21.92864671306816 144.5059340758127
253.04502756616893 -22.013522489795815 144.52310407990097
254.0499914931451 -22.121207454033485 144.5723751045143
255.05976259313 -22.20260620404991 144.56615627496063
256.0553274058909 -22.30229271157948 144.5928027481784
257.0449440779803 -22.381065473271946 144.6063054991052
258.03651056438207 -22.464798091638936 144.60522274140573
259.0100979580503 -22.564647033631623 144.59878986099378
259.9908028781553 -22.64172021530483 144.60417983487366
260.95928554128346 -22.72580919545514 144.58869984192265
261.92736511264724 -22.837816373286646 144.55069614508892
262.8826534617085 -22.924304459451825 144.5413141553331
263.84092383404027 -23.01816527904079 144.5086261580046
264.7799305280367 -23.11040987690917 144.4786839053061
265.72172174815773 -23.214784178661027 144.42130921342456
266.6555689028614 -23.304671166325015 144.41908823534604
267.580245478218 -23.410826119684693 144.3870108606603
268.49689123562064 -23.50129373149847 144.32175551354266
269.42181409755466 -23.61652458913199 144.27362075909687
270.30613982665346 -23.70511843285667 144.24219009244317
271.2160986743967 -23.827220514551065 144.18640111381222
272.09446127566355 -23.91108274159092 144.14939663092056
272.9800810354247 -24.018876607291933 144.07497794770214
273.8409002653859 -24.116970840263996 144.06730231891058
274.5203598763396 -24.206861757919548 144.06887101939037
275.22674142129284 -24.30606271639304 144.03469018172436
275.87044096802356 -24.29374852618947 144.08190007821227
276.5133021862231 -24.36288660971563 144.12405337712954
277.17208511548165 -24.437010669142932 144.16126128002165
277.8216916439237 -24.538083213697043 144.21752742824026
278.47894324330923 -24.58586542383338 144.2182923164533
279.109577922201 -24.671404744296805 144.24576748919992
279.74731672038223 -24.73865568496067 144.2541740157603
280.37644876804853 -24.82757771159025 144.27151693958533
280.9903397401331 -24.8832441870239 144.30541478084754
281.6124101128214 -24.960696676974198 144.32652335407298
282.21429090614737 -25.04829860083733 144.35898867195166
282.78565682817276 -25.126483654881916 144.3831212804229
283.3881976423608 -25.18611182871158 144.39835269337547
283.97963204858195 -25.25036454338488 144.41628503308505
284.55373488320623 -25.316935052539232 144.4399769150414
285.1135071839319 -25.425405228532203 144.4642061613466
285.6811488884031 -25.460522057929058 144.49013133578782
286.2303782218547 -25.469527994232994 144.53503858516436
286.7846639632176 -25.516713420392396 144.47585887146286
287.32535496478914 -25.57811338199616 144.6095701903919
287.8344944011346 -25.77560945552373 144.66411372271784
288.3711631614052 -25.755182689512488 144.62635713413
288.89285064483056 -25.831338548395763 144.66557355975715
289.42012353585073 -25.890885218196658 144.70497335366454
289.92993543491855 -25.95771826264345 144.74458822644473
290.427139592487 -26.00221988550814 144.75830582812995
290.943043312516 -26.059120462675853 144.78384057825818
291.4237355962754 -26.103887269414976 144.82153068074217
291.9263829661826 -26.1423214914558 144.9129956129921
292.5241845531398 -26.196218083997657 144.93579237330155
293.1287089578091 -26.236923440204425 144.9613543914125
293.6859685030861 -26.29471124129212 145.0028972201057
294.2513745756734 -26.361087130437102 145.1064468625949
294.8425964155337 -26.47153157761969 145.16299377671365
295.43729155766493 -26.447774798977637 145.26983190268177
296.01453497163334 -26.60392435584938 145.3855009833523
296.6168326396767 -26.672395447372224 145.43862961979966
297.23921768523263 -26.74269859432218 145.5082244700338
297.8665070090554 -26.80471481492132 145.58291940021482
298.48830947436085 -26.861537681455147 145.6141912858474
299.13046392624994 -26.93118795060216 145.6886371596858
299.7658290107539 -27.02613509705698 145.75488758063744
300.42002513094826 -27.06947988780367 145.81339306220445
301.0724494651974 -27.152477415613976 145.87197583521024
301.73273725579975 -27.215152231799095 145.93935053750297
302.41629711668963 -27.198848839870475 145.98954100241764
303.09673112902016 -27.30147389247999 146.0440625349641
303.7755093624014 -27.348015672170597 146.07317235864951
304.45977323183985 -27.46586262826499 146.11711834379122
305.15111022758776 -27.491223332057423 146.13342863234894
305.8484097425204 -27.449333269433765 146.17583169598936
306.5626673452464 -27.546749801806307 146.20448888990072
307.26420823464565 -27.683102320284558 146.26292152041643
307.96386110098297 -27.760177505123007 146.34476794645477
308.6565526906375 -27.88621050760307 146.41809959550446
309.38387400930776 -27.926591511708942 146.47960656659953
310.10167996684606 -28.05261227411396 146.53322190194243
310.82708393367136 -28.141268642988127 146.58072140426668
311.67338953569157 -28.201088419172212 146.5803968328855
312.4551342757111 -28.297229463158626 146.6628565459347
313.2077238348531 -28.51438022366935 146.75919489759684
314.0130602102934 -28.570751503863875 146.8199935921726
314.8159160518803 -28.691011194596133 146.7485101642352
315.61887176397875 -28.809531269985943 146.8859719960216
316.46129694720514 -28.936018177528766 146.87519007919872
317.2897011819085 -28.94600764397398 146.95741097515517
318.1421481430826 -29.123330865535905 146.99458105384298
318.9848060160926 -29.205237574196804 147.0506802446023
319.8302367187825 -29.30945054151719 147.11002180731091
320.6879565130585 -29.38666695200341 147.13759342951056
321.5552174640921 -29.507617083607357 147.2058440260271
322.4369181134204 -29.658897835267908 147.2609178480882
323.318094207391 -29.745241908833968 147.30927884341324
324.2036089946726 -29.840731289986486 147.37675869597436
325.0820124792317 -29.97299643892528 147.4191714223317
325.96980230345736 -30.136575081986727 147.4673512185394
326.8817178908868 -30.257693985038458 147.51681368282792
327.7866724247282 -30.358335738426312 147.62162760961874
328.7191869456151 -30.45504319252264 147.6232596389671
329.6299541121009 -30.575121677765857 147.72360899683278
330.57237669517133 -30.725552994905197 147.78707671051652
331.5105923589836 -30.82153591475469 147.8745890709155
332.4398046441701 -31.006223121787134 147.98741294487
333.3818835818401 -31.13632143921203 148.05739218153653
334.3247470827901 -31.250024764235466 148.13616433448155
335.30635428011954 -31.40872300165298 148.20073500727148
336.27949372354993 -31.507491824120997 148.2772649372462
337.24750059170947 -31.631603482700818 148.34954548566188
338.0614761018241 -31.77375488655903 148.4628198604731
338.9013175203733 -31.906298547291847 148.43960467318664
339.72029254796155 -31.88712129654041 148.56414226416297
340.564827121591 -32.002275127649554 148.6207866611394
341.3559827542699 -32.08060982817188 148.73577827924953
342.1796041855402 -32.272069741172636 148.82088688230186
343.06415799669867 -32.28784512076368 148.8796863966848
343.89313975767806 -32.431970145262 148.96904536754636
344.763884220346 -32.53282526119253 149.05901921093815
345.5989878860934 -32.63383157390927 149.12399329746034
346.4767935720882 -32.74301870894517 149.1874547145652
347.32035571063847 -32.855073132788256 149.27552991475218
348.1777295393455 -32.968867472300545 149.32951038829896
349.02451223078657 -33.07889739990286 149.39494737746975
349.87212713006403 -33.138415053195615 149.44518428856244
350.71651827486056 -33.24891408795824 149.53428035947067
351.57135502023255 -33.33013120366141 149.5787179823655
352.4145152016551 -33.445814817671284 149.64777793880148
353.2799382716909 -33.52933653846692 149.70313210976576
354.11596396342577 -33.55824115040976 149.78622072727833
354.98980083162064 -33.63386708158189 149.80664852969102
355.82261658060656 -33.75097036455241 149.93448791637726
356.6673952773515 -33.908361991564156 150.02434786086985
357.54078634373013 -33.92982956730239 150.05223376594847
358.369525631073 -34.08013998055388 150.13690408060427
359.2066873540192 -34.16697969864334 150.22209298372903
360.0239593692369 -34.27313701726259 150.29485779576893
360.8848994997442 -34.37035884241629 150.38896709352014
361.72729434394796 -34.45500589428476 150.48668322722227
362.5696924888641 -34.55004392204554 150.57720124224107
363.33175887286916 -34.65006481006402 150.77777728701884
364.2408529629311 -34.73572182400254 150.8692685805083
365.09542792733873 -34.779877941590456 151.0992036325314
365.91047643025286 -34.87648061573133 151.25779088521358
366.72025198774105 -34.9714014734006 151.53257516767354
367.51774905598865 -35.09650469828718 151.76309889455936
368.36003284374516 -35.126448279485516 151.95398511989626
369.1533582997463 -35.322121937740974 152.20008699218167
369.96125827116384 -35.42353018568556 152.41240661099107
370.7473894835787 -35.530159470378294 152.5975885967151
371.56759409816914 -35.63172555980755 152.8246686238126
372.3641730466671 -35.70453079950722 153.03794583253702
373.1348687306804 -35.79762834991547 153.2484415633818
373.8826105273695 -35.89651995317696 153.4653144083915
374.67980384416614 -35.967800520439035 153.66576528481883
375.43452228153114 -36.04998093455861 153.87935938168366
376.1848655884611 -36.14358312823553 154.09565337762436
376.9519170598647 -36.21770401472254 154.31161889700988
377.70511960396914 -36.29694786393697 154.52368935824268
378.4611845980121 -36.29581393358245 154.71857655684147
379.21727084299437 -36.381987172637736 154.88089357796255
379.9332990923629 -36.47972912017031 155.17763102379624
380.63727600247023 -36.58495720564677 155.42330830863978
381.38331591404557 -36.6265596402169 155.55511850904972
382.0812616095803 -36.740852446027375 155.79553205673665
382.79545180355996 -36.8271653707281 156.0509136645128
383.4727382323096 -36.94893234079573 156.29318971338415
384.17174923309716 -36.995489109957994 156.51991761260413
384.8959574842782 -37.110703830324965 156.78477416398493
385.605210615748 -37.2092393673812 157.0090067533288
386.41993007666514 -37.27529985860935 157.26920715991972
387.2006885667745 -37.38207357156699 157.61693058037
388.05191605663623 -37.49954474151638 157.78470078938523
388.86850683591274 -37.59790910100813 158.04934273727696
389.68538754888215 -37.678342482070754 158.29818804750522
390.54902842522966 -37.73244288949095 158.48260734846144
391.31960540240607 -37.87709535798365 158.82803112467843
392.13643802388356 -37.96310135956185 159.10808307969754
392.9579691263097 -38.024466742056966 159.369153285898
393.77121372402223 -38.15314281561478 159.62237315024603
394.59277350284214 -38.257370933073794 159.8981761555536
395.4049317336755 -38.38181175051659 160.14374903533346
396.2348136038606 -38.48292915462451 160.39774779598454
397.0738676202905 -38.57224011087409 160.64945391423038
397.90215162200974 -38.6551294305588 160.8992157769343
398.7268730999816 -38.76043024365995 161.1447412553357
399.5562601855822 -38.871975173619994 161.38092129129734
400.4015411297923 -38.87693861078417 161.6228310124407
401.22582049123633 -39.01722456223299 161.86481395229646
402.04750538566583 -39.23852958657085 162.07003327128686
402.8246400785072 -39.349812162452125 162.47001390530488
403.7257019260299 -39.44412753631424 162.51269418080548
404.57934812555453 -39.32365986507919 162.72165512857237
405.34510346108317 -39.56141644717502 163.09961255308687
406.1817406400605 -39.669606096322426 163.31203798299507
407.006379305458 -39.774686652853255 163.54846826377366
407.83266434898877 -39.901940730143046 163.77691754594875
408.6553883572234 -39.99772924643095 163.99577416975436
409.47934778726994 -40.11445998040601 164.22489875206782
410.3197050212062 -40.21601747367751 164.42325411667613
411.09589748663075 -40.30681995293111 164.68599205379147
411.9057619409809 -40.43053094684124 164.90956884630074
412.7123233040177 -40.45269997726559 165.175899876689
413.5014029031535 -40.530377712258975 165.44346866421347
414.28968349365687 -40.596724666441524 165.7458558580519
415.0906085593585 -40.667158184869805 165.98440856820295
415.8756294262804 -40.72307533561354 166.2262226767251
416.6741454372263 -40.84122354078891 166.4644951337431
417.47204859921715 -40.883561748850376 166.71606120633436
418.248019052097 -40.97712839819757 166.94574222237836
419.0334701688751 -41.06910536648006 167.20077528766151
419.8063075921798 -41.17234850230514 167.44184614930086
420.59097866563457 -41.24533696857234 167.68645242057215
421.37416754944024 -41.302479730157586 167.90474790357786
422.1574072641653 -41.40093197793522 168.1458571113228
422.94553455754755 -41.473700879211584 168.33789278113423
423.7239384272248 -41.53025060165402 168.56778283658505
424.50398238612996 -41.62292047405184 168.770454642931
425.28447523335814 -41.676014647709856 168.98640448910234
426.06520803380994 -41.72208107387627 169.18068123618002
426.83848799070716 -41.8032011408649 169.3907567066987
427.5974775576095 -41.85681811965938 169.61847706844802
428.3544564923758 -41.94320108111884 169.84842144822443
429.1181083803764 -42.01694684103134 170.05122044294043
429.87788659574767 -42.08770130412252 170.2455971701576
430.61345567770053 -42.16542159894972 170.46716992628765
431.35143704871234 -42.24457507390177 170.6892834078111
432.0898863222654 -42.32315183953706 170.89390445313032
432.8306538323229 -42.41330339800318 171.09325361154515
433.5580907118687 -42.49286430459772 171.3035044784125
434.1005901471622 -42.63820122113439 171.54816123305955
434.77643255532416 -42.69587331839989 171.63413815338615
435.4434852463613 -42.61122068451424 171.85751186210214
436.07467000783595 -42.7074392570573 172.0477795261703
436.6371242532958 -42.77381799400536 172.37947313641806
437.23948845073386 -42.975675850229756 172.54697215195353
437.8379149798419 -42.89745176850738 172.73969810238782
438.3877808963241 -43.095385223056184 172.91365096700832
438.9700453756704 -43.146899578371645 173.0729404596741
439.55186316257686 -43.21121666186643 173.2263263171573
440.0812616910714 -43.273174517423364 173.36991306555382
440.6149963444328 -43.34921982273649 173.50934190387161
441.139106510163 -43.38467581435528 173.6323011218444
441.63966726327754 -43.459469114813395 173.75943917606938
442.1411039939084 -43.51111495437955 173.86999541614747
442.63685542900265 -43.56081333077982 173.9599109961625
443.08188808432453 -43.632151243233764 174.07873125620418
443.54932495344093 -43.657981500173385 174.16657468400493
444.0033263706804 -43.71144990461223 174.24625562324212
444.45483241424887 -43.614026620075414 174.3259517063457
444.92550595673384 -43.679491355157715 174.29219487479605
445.30920375750947 -43.713507001933735 174.48003821743913
445.70330914124287 -43.84758694456343 174.55401946566434
446.15652005358527 -43.79369450485584 174.47242232822748
446.5486689631669 -43.88012258794981 174.54758587435205
446.9362961625683 -43.91111073286491 174.60915625085823
447.3054916715286 -43.98287856264636 174.69012953570905
447.6873121008071 -44.0183049308258 174.74152946305463
448.04557172484294 -44.04893840625783 174.77794541191767
448.409305647045 -44.11342994134358 174.8358971299153
448.7436993764177 -44.180191896654776 174.9439269493936
449.11588478772086 -44.17959904476503 174.99339096708175
449.44671860144666 -44.16403921669321 175.12086366392896
449.77401282992133 -44.21232283562558 175.22609666439394
450.07859083260985 -44.2253183662444 175.34498249970937
450.3805589271197 -44.35362502561791 175.43567235103788
450.71864584414783 -44.293193977989205 175.49044458874337
451.02914710946436 -44.34566312447315 175.5645695214548
451.34212549915327 -44.38728092391322 175.6572964065037
451.6754729655129 -44.3874533614811 175.72577064412215
451.9853256178882 -44.404312197689514 175.79911057550484
452.2948897174356 -44.426758509370984 175.8612560221656
452.6247606832712 -44.42718559958253 175.91718020314704
452.9186440550403 -44.487565302570864 175.99797170252685
453.2197633196284 -44.50465479373918 176.0739232281248
453.5353420087914 -44.50724856789263 176.1409275319157
453.83020823230237 -44.551417774804 176.22842022700547
454.1502523805075 -44.61609816806539 176.27794342431642
454.4589667284452 -44.644665371310445 176.33514562205914
454.75322855750227 -44.60848457795946 176.4372546476346
455.09432287416814 -44.62614195781945 176.40102343191813
455.36814486109336 -44.63573862531923 176.55406078756462
455.6671205555154 -44.7726757987309 176.62750170487158
456.00678041596257 -44.71158149249059 176.6020502464721
456.3149254886557 -44.768592784351256 176.69519284932565
456.6346177058548 -44.816600412773575 176.7555560949834
456.9451598386052 -44.83655745423965 176.82956231203255
457.25199260060896 -44.87803501666147 176.8986164152163
457.58011026788586 -44.88575970358493 176.9497647672944
457.8788402601484 -44.92316322224045 177.0364903599341
458.09542795284364 -44.96925814841531 177.17068056344377
458.40753386114267 -44.89870718926044 177.26429078460777
458.61715276081856 -45.009812901010065 177.4240928772444
458.8401233454106 -45.04139130709835 177.57301849793194
459.0530518783609 -45.04241176361107 177.6874193907893
459.23522608431415 -45.10200453746939 177.80523505563514
459.47377869194287 -45.05887087471107 177.83910717682943
459.6340225932874 -45.12899031512703 177.92130811361062
459.84469366694907 -45.129901662362045 177.9700249697043
460.04621202007047 -45.10855219750614 177.992989672395
460.23302984048877 -45.136006658031754 178.03431364907127
460.44255146975695 -45.14184797478149 178.03304085991923
460.6203283152029 -45.157741021355406 178.05334705697075
460.7988369240291 -45.1642838376569 178.0625768475137
460.97313027085784 -45.207699029175615 178.0666029902368
461.15476099634526 -45.20540561666273 178.07289378572585
461.33684225739086 -45.24447252790224 178.05952795471273
461.48906669326266 -45.29330563019608 178.0393979783127
461.67492641341875 -45.261778996480565 178.0001729667862
461.8553203049248 -45.193624495802624 177.96452093955335
462.0258229861395 -45.241827709907504 177.89176391555839
462.16385442910865 -45.215600317571464 177.86966303560686
462.3072181979183 -45.30417929672576 177.82388694714479
462.47612599889885 -45.294209400335944 177.74452541598708
462.6322889500552 -45.31430895422315 177.6982242394224
462.7588398040923 -45.33906470515989 177.64470331409726
462.8884925691222 -45.34794053664531 177.5866389797631
463.0553581542251 -45.35257206364714 177.5233335131521
463.18143712080376 -45.36611409117754 177.44470516906625
463.31872395947056 -45.377585439616695 177.37883136257634
