-0.07912108287242257 -0.08314242927823898 0.8784099816844932
0.057716280545244567 0.06675551899191534 1.8919324875214132
0.05751152386560942 0.08071728900051811 2.9253618717579197
0.11328262157228568 0.037944944103919145 3.9011297226280433
0.06342253172173307 0.05316125030340009 4.878368854552455
0.1227371702620681 -0.053062526286813225 5.848494052888982
0.2017217737069699 0.0354588800989408 6.775682926224997
0.2451739473421446 -0.06965287498644164 7.743529319780163
0.32658416180591904 -0.06333274829895079 8.674957275423733
0.445324690787297 -0.08560121461521443 9.611809730575201
0.5476668494999346 -0.09353061389596862 10.531348228514627
0.6939500589764782 -0.08667835185325679 11.426426887599622
0.8014629504219112 -0.09224538065090528 12.323554039105224
0.9285641335163943 -0.15004902605013307 13.247816085920261
1.0606365227941128 -0.15271011980052257 14.139070510990654
1.1852240588069878 -0.14248248397312285 15.045995712431552
1.3489944961985252 -0.18294771936485116 15.934288025067124
1.4998449115809955 -0.2247379362041076 16.832857132133615
1.6446387797995987 -0.24036497733980317 17.73574447651308
1.7742506297397616 -0.1377352409503703 18.639648437753376
2.106647971619754 -0.20236834185246358 19.534595489788966
2.075434449815445 -0.20304476484411643 20.432712555213094
2.220888618288909 -0.2915074152947247 21.34094810513313
2.5663931407689193 -0.22363149323919654 22.253686905265035
2.7315423528027116 -0.2820860064715597 23.139198303587794
2.89631295613844 -0.331959179379588 24.05665779151315
3.041796688509255 -0.3822686881076618 24.924331665421395
3.206080679532791 -0.40791799692157443 25.885580063267412
3.3437686012140655 -0.4354767703466769 26.809862137255674
3.541057114555199 -0.46417327722985535 27.736061096629665
4.658616558745436 -0.4205316730249942 28.110146310072192
5.7959602812580675 -0.4330874762187361 28.46494495280921
6.936370019205826 -0.3900546472516662 28.787262561523747
8.07858631317958 -0.33288568319339146 29.139133240498
9.193478559897198 -0.2790886385032973 29.53118752688522
10.36688891122465 -0.22901448271720426 29.85074439849926
11.514606408659201 -0.22743985191255486 30.2211048610291
12.688652349315598 -0.20834882885100797 30.544854636410427
13.837863363068971 -0.13120011916224839 30.903637282014447
15.014877898063059 -0.11488297221849725 31.250476573827275
16.185294931232736 -0.09357326414365841 31.598737511244526
17.364908247399402 -0.08647845565758161 31.976216572273714
18.54632450605807 -0.03527158705882222 32.31120980068415
19.747408744176067 0.008050931614000112 32.670214563499435
20.945223663323922 0.0662204794554615 33.018703964261235
22.116045829541495 0.09856341866319174 33.3922420601498
23.32271802509899 0.11888773604477554 33.69582896020184
24.517004478867953 0.2179167436031113 34.04077972625482
25.72301548680449 0.2602539356327144 34.38306082418536
26.93407580126813 0.26726795141714 34.67287608532372
28.118754162390225 0.3026648715019514 35.078615182856126
29.336775680631398 0.34994288265200424 35.34576894595153
30.534117521835583 0.4490212838793627 35.701809659615876
31.71994934618151 0.4573248083208795 36.07567826882671
32.930800957440105 0.5374212614614938 36.39615787455335
34.12692111586597 0.594299038594467 36.74015005963275
35.30477383828606 0.6393666721507109 37.06118461301635
36.50044582574555 0.6808079414235145 37.39727924111115
37.705613720616256 0.7288522794040376 37.74602476068708
38.908461548625816 0.7644680862607997 38.07364641506881
39.989042239399424 0.7753003525000095 37.61158370602189
41.094670051116246 0.6950822806600195 37.36130716377831
42.1421206589831 0.5886344672416177 36.95056491723743
43.1580685825607 0.532034446500879 36.51125441949871
44.21408359703148 0.4895842820565055 36.10938089564383
45.26441127434637 0.4941610211029688 35.7055127789382
46.33432073816004 0.4376138956073766 35.35375222836154
47.38842197259012 0.4178821439211615 34.991200781926366
48.43847342830826 0.36551847062937437 34.57938052598492
49.48399889384375 0.29504049865305754 34.229241889250595
50.534870533397964 0.24797846893774445 33.83841605086839
51.580998060168994 0.22835030066398265 33.47450206508219
52.62611340548609 0.17352058260662484 33.112596689723084
53.672840837817525 0.11860177957599805 32.732454593127386
54.72068174048155 0.0782847020184505 32.349424389116024
55.74302072905988 0.04392760361391723 31.958575097766747
56.77598712729127 -0.01931223839188967 31.57365355398987
57.8075525203423 0.007967119955737068 31.1825727328385
58.843496515587645 -0.0957623124035597 30.811924370517794
59.86329917384846 -0.20591944091903525 30.41144854822313
60.91445106389713 -0.2467616234794051 30.124389647305435
61.890581481123654 -0.3082960059932617 29.643630047063255
62.905726642057296 -0.20509010526809957 29.243617960184203
63.96105743817145 -0.3329620250699471 28.971575158674298
64.96438462988844 -0.4007741372667296 28.603210450443555
65.98045571195884 -0.42109948993107327 28.245989783750808
66.99108637846714 -0.4899680543746604 27.887704172197328
67.99565718224409 -0.5128131520030345 27.519652494540622
68.99904957547433 -0.5523287282943156 27.144221638641632
69.98289119479615 -0.5912831687117969 26.755708342669507
70.7272044804409 -0.6353748350258671 26.317184785292078
71.49604551757074 -0.6648752999923848 25.928720667134623
72.22501182965652 -0.6296488055164507 25.444016031763173
73.00145669257778 -0.6799084539929383 24.98157367685131
73.79713039217337 -0.7179380423216715 24.60719458410432
74.56112087256486 -0.7303575431847271 24.101531781526244
75.37522853761138 -0.7266434977695617 23.73358875604892
76.15434135711432 -0.7994757406428813 23.262668111363645
76.94543275090159 -0.8297750496695875 22.802498614986575
77.73858317716206 -0.8522841218463603 22.354739911794766
78.54011031517572 -0.8956185705718158 21.896763749044496
79.35062655138776 -0.9105980637325324 21.454047018733817
80.14477064449471 -0.9305840115092643 20.998657585486797
80.95108806467255 -0.9601882264234434 20.559770232405448
81.74055840456411 -0.9828249509440954 20.095463029129427
82.54195947818425 -1.0043275017870854 19.63649924549079
83.34941557478862 -0.9933830844607414 19.181078393845816
84.15263818016608 -1.0012315297223906 18.728986308546475
84.96144777592245 -1.0768855044488745 18.26307149052039
85.75302019089949 -1.1336120625976451 17.78307793203524
86.6173608751027 -1.1671683828907917 17.395915247696365
87.38478616538168 -1.2012353563013405 16.875641734383954
88.19345594583433 -1.1126928512368237 16.403181945252307
89.04164731920693 -1.201228811813643 16.002274400224366
89.85199054900033 -1.2683591832159737 15.549216688371553
90.69031861295925 -1.291863681516497 15.086495346767508
91.52372635842323 -1.3317130885805457 14.614604711796346
92.3275953336154 -1.3807311615756475 14.148568686315066
93.13555568973082 -1.3916758324755492 13.67069881928682
93.95504574576317 -1.4197357253259497 13.196581858511616
94.79248624143379 -1.3996990366228572 12.602797246366704
95.66955225179976 -1.4699257271271104 12.163441452873451
96.45710113432293 -1.554718239429238 11.651365927942688
97.25532217469639 -1.5844384733642394 11.136251591732282
98.01346010169235 -1.6148332447739517 10.582859634082103
98.83588560725529 -1.5663270689994526 10.101409653375638
99.65418526576153 -1.657575018483195 9.593906345700807
100.45653469605786 -1.634166918221651 9.128169943947803
101.25437267012117 -1.6833019931846844 8.630425941253879
102.0346400041045 -1.729408713448763 8.149066861752338
102.83249234357977 -1.7800905336931874 7.673210116143936
103.61016741088827 -1.7913570076931973 7.182918096484705
104.3793509579425 -1.835297343978215 6.71255161661182
105.13373883527541 -1.8661467956138855 6.2414702606678025
105.8965822116377 -1.8924544978073856 5.767611973688967
106.64783068770177 -1.917032838913356 5.3086916994877456
107.39289439757698 -1.9554706358692338 4.848581602738594
108.13416795717164 -1.9824762580528414 4.39167847853353
108.87294338158854 -2.031835834687902 3.9439910307172976
109.58949927135517 -2.1244205264113782 3.5005809864825057
110.34357949361033 -2.166635779774818 3.0887333156825356
111.01932952636396 -2.204954716221985 2.5997739595257787
111.71601883040529 -2.1385170210603723 2.1504515650037916
112.44299983574538 -2.228032170367676 1.7628980793169617
113.14931220040866 -2.2626393240648603 1.3636077269017175
113.83881179924678 -2.2942523576656195 0.9412196232021639
114.53379691971051 -2.3205009959604563 0.5329134561770736
115.19744691738131 -2.33334268393258 0.1187445500803932
115.89322676332682 -2.367391119667791 -0.2846164535517808
116.559139751317 -2.3954320246121332 -0.6724699346208336
117.45846369486122 -2.4135030187745388 -0.9470083844373398
118.35975458071447 -2.4224552338075265 -1.2630482985351121
119.22727080553081 -2.5840597854272422 -1.46605294636053
120.08857704551974 -2.5667415075550486 -1.7228211108110636
120.92866736807564 -2.642725308691918 -2.1007316616366136
121.77284115373048 -2.6430549736352966 -2.2956795964406576
122.61022161320653 -2.7173691140992884 -2.618781694993256
123.44157196470425 -2.661810301351161 -2.858627414276722
124.26031661691252 -2.729973560528201 -3.1056786137454706
125.05414981139472 -2.7502753934871103 -3.3722057363748865
125.865118688302 -2.792622645415182 -3.6176847532220755
126.68227136821918 -2.8252496717230082 -3.848482594949475
127.47131589708434 -2.839173310361749 -4.088977085307812
128.24978651010758 -2.9265876541024705 -4.32681797969501
129.05090752076285 -2.944017759949997 -4.554381944321428
129.81227510661543 -2.96679675214655 -4.8052962763617675
130.59934379009934 -3.015751961874834 -5.002948958083278
131.3718603846004 -3.144371569553693 -5.204438073539881
132.15316645345325 -3.104763522043651 -5.422379353324405
132.92696519926182 -3.2075951347353513 -5.549226206650493
133.67637855885457 -3.2064721402245056 -5.790101046447488
134.45672467703125 -3.248863915720386 -5.905276415389634
135.21210316238768 -3.315679498945642 -6.079853639692854
135.96525904263183 -3.3473437706350992 -6.24553187588388
136.71012127562 -3.3986670619045825 -6.388330038505227
137.47130495198772 -3.455216655032091 -6.533879231467726
138.19385029523988 -3.487742531432823 -6.669450892157553
138.95126173907167 -3.513239139636723 -6.79459638785453
139.74462904592554 -3.5403585975865823 -6.907711381859884
140.49799989055467 -3.5564110899783747 -7.0000501316275265
141.30868397591257 -3.5752028131728797 -7.113047095404042
142.10977677651636 -3.643079378415629 -7.250551561650785
142.8919208723662 -3.6614058713493303 -7.40106145164379
143.69610693201116 -3.6530763878242967 -7.521523772973419
144.50580896030448 -3.7398689472023348 -7.643573589448996
145.33453680241655 -3.706365179924254 -7.7285060830258585
146.12526042356052 -3.7788241213533205 -7.836652940187248
146.91950261945792 -3.786786912000146 -7.9585623886840615
147.72654495250632 -3.84822967729982 -8.046798503436147
148.49671668696215 -3.890474817317423 -8.138143599369476
149.29164951714688 -3.9097232909390147 -8.237826035656447
150.078456975355 -3.92996597159586 -8.290829026073666
150.85965013538745 -3.9662830891422947 -8.367691817372563
151.6168675283311 -3.993414018010909 -8.436750767621383
152.392752002606 -4.020500963834483 -8.500939803066077
153.1577333186481 -4.036071186587447 -8.581112044746556
153.91918080857707 -4.056942685554895 -8.641938061716493
154.6673674577864 -4.081621624190246 -8.689687751225716
155.4243123116237 -4.111662161921982 -8.74951895853479
156.16473622580338 -4.151798602469809 -8.79825941531177
156.92476201263585 -4.165904308116397 -8.78473404919586
157.65068424247892 -4.19319420708928 -8.852013577556834
158.39605585414196 -4.188263125111828 -8.85539992049318
159.1319134763269 -4.225185173875269 -8.839524694097403
159.85393226569937 -4.2501529972117265 -8.83402691209966
160.5700724011756 -4.2565719988390125 -8.837054056430986
161.3007907699329 -4.299277302428031 -8.814472927603912
161.99780018548864 -4.308889173900821 -8.803444256095545
162.69665032992646 -4.322985505392907 -8.778422726401644
163.40531869320955 -4.334985251068211 -8.740760976381193
164.48317177911397 -4.3830412447260985 -8.732260569701314
165.53960439019394 -4.494659231090427 -8.660221379539047
166.5740950027741 -4.579554029710277 -8.685244940337588
167.62285914265198 -4.6428717080519775 -8.685498373618605
168.69363263150316 -4.731357570607551 -8.67040663859415
169.76820203999375 -4.72332454315341 -8.66030866329595
170.85990103023641 -4.839776706325689 -8.586906608315413
171.94921525762126 -4.887941150806196 -8.543788237472961
173.05852665149445 -4.968940317790617 -8.508188316945468
174.13311519094938 -5.0348321381701995 -8.487519086751087
175.25846495183097 -5.122359886439785 -8.429782401969828
176.38323807912204 -5.185815043895532 -8.384119112117837
177.48562195772442 -5.252832143777651 -8.327038641349043
178.5841009955012 -5.3078111312143195 -8.251056059090875
179.69979999563853 -5.370306824493599 -8.185769429877451
180.81542388029385 -5.451523409229983 -8.148631259838268
181.952451899625 -5.497428166618407 -8.036970182631578
183.06380691678956 -5.562968732164338 -7.981301345178905
184.1763918196706 -5.643734076593815 -7.87429464955208
185.2764572458679 -5.796832417823357 -7.7968078544168105
186.38636824098708 -5.826258544866385 -7.583492616443926
187.49339494915094 -5.914745749264544 -7.602795023625738
188.61731741699603 -5.870252823301891 -7.484175629167809
189.71021786193435 -5.99814468529539 -7.227423062991475
190.8179851853229 -6.069374427148896 -7.10020217998806
191.8955061911986 -6.121772214574641 -6.947872159770718
192.9908935090196 -6.182244838087803 -6.809549670163471
194.09595396213084 -6.237339100740925 -6.653267105392574
195.200543397797 -6.290162703864359 -6.502447248016656
196.29240185830332 -6.351202817107263 -6.311686443385266
197.20528544553147 -6.353567094729979 -6.113582272241998
198.10082283418635 -6.372052393847298 -5.804063722395571
199.01853875612605 -6.397136460302132 -5.665856562471837
199.88500636608433 -6.45216473380072 -5.424881179844073
200.75546667135825 -6.493500808658074 -5.152118156371052
201.65983131645703 -6.441170109646735 -5.010411421580609
202.53661222118646 -6.5008130369300945 -4.740555104335009
203.4097978410027 -6.530170269219332 -4.517583917916262
204.25023166518082 -6.506052460670228 -4.308465000966921
205.11939987610023 -6.562478935988121 -4.087674583710544
205.9808219257668 -6.608577852294771 -3.9047468062037143
206.83509094712977 -6.671236901823641 -3.7024252403774387
207.6783182586648 -6.697889691514722 -3.497310247860365
208.55009692850862 -6.7350084936608425 -3.2941753369731064
209.4184128294141 -6.754184941663947 -3.09014232431916
210.24575182637264 -6.773626602250526 -2.8838442655523067
211.08737435377063 -6.804073478516097 -2.7068649880262474
211.92613359933375 -6.763565265538443 -2.5218888257104206
212.7460155204676 -6.814564913999301 -2.320009450807767
213.5916938778734 -6.8994341418996346 -2.189710429222087
214.3749456209848 -6.979102134858691 -1.8377694144558214
215.22862601857173 -6.9924420639087845 -1.770752319836606
216.04415725243774 -6.868834002270402 -1.557286283850404
216.82893768221328 -6.97950111858555 -1.228129399768651
217.632468981817 -7.011651048439094 -1.0142517084199332
218.40964467251868 -7.010872682652234 -0.7792042058938184
219.1809805058643 -7.09422894750438 -0.5519812675848117
219.97371369447623 -7.070501008803904 -0.3174563842890912
220.77147202092308 -7.121680494916389 -0.04855339033383732
221.55735225947532 -7.127122558815693 0.16403938854893774
222.526918617777 -7.0868430371802695 0.5613515322643072
223.4291786323125 -7.141337340047852 0.9820502194744846
224.32311838817768 -7.1024963313715705 1.3828374749889911
225.25115094490357 -7.100472868077575 1.7462430874661066
226.19185832432728 -7.068186508618278 2.133724851476515
227.12804268754937 -7.034270873700782 2.5482250068505623
228.1069609232096 -7.036861141526226 2.9266478783010523
229.06423140601646 -6.971952887986724 3.324939944836195
230.03582204294815 -6.983166759016677 3.6824032086687777
231.04176181662046 -6.976300145920816 4.034013831190206
231.99914995158 -6.953921218818961 4.4304400486244315
232.98608186067278 -6.937105463469804 4.783904349953825
233.9850100386248 -6.914499124847414 5.1478447676309536
234.9889611756227 -6.897144067017641 5.520967328859241
236.0051758281517 -6.856433700734563 5.8758767965180265
237.01840045870196 -6.845462799541642 6.238215362776136
238.04986449210182 -6.803465395950619 6.574767115535058
239.06441297242625 -6.81221536803649 6.904507805230216
240.08646458687332 -6.769073514296856 7.243856692494236
241.0964656987353 -6.763131629865237 7.592958323114548
242.12549086033388 -6.734769892501773 7.918173936505504
243.16070643063276 -6.714374445403838 8.2438599669855
244.20180020920986 -6.7003431190326666 8.550389917165502
245.22650416765765 -6.685604965988849 8.888941154089425
246.29178008604245 -6.670483129950279 9.209328150232562
247.3071332930649 -6.651708605727106 9.499320234587268
248.36173992904617 -6.65181315387276 9.791086504927092
249.42574167578692 -6.637357092158337 10.072749675062106
250.46329825894122 -6.609740503636804 10.338064139201007
251.5160477895435 -6.597540684752163 10.61160594343313
252.11356148774613 -6.556419782481198 10.809398312098976
252.71058402201527 -6.581562043969433 10.997486789556435
253.31389397029037 -6.487045786368085 11.203222955822115
253.93328594948446 -6.467846951303421 11.421378163083034
254.5328342527617 -6.419910302178849 11.719008187628038
255.17728175040602 -6.432875580645397 11.966204142455606
255.7984090574679 -6.381782306363781 12.208741593661523
256.4283492977344 -6.41507096256796 12.466183878571584
257.0797026519394 -6.380922469168292 12.704030913302049
257.7346989750368 -6.354101692190486 12.996549539857874
258.37534414231146 -6.338332233945638 13.247810449500214
259.0371607788439 -6.322917109897284 13.539452320157851
259.7161270314893 -6.318837009553293 13.842944982921908
260.3813052232197 -6.288977572072254 14.128566341187414
261.06450125906576 -6.238708855081164 14.436596449584398
261.7498563350548 -6.233936808660891 14.720689149383357
262.42453161347095 -6.2166313213548134 15.042703819394351
263.1140899428873 -6.172614761468068 15.364821933872669
263.8183566205434 -6.147927559210655 15.659583137906068
264.5203594966943 -6.063708498243472 15.968521539080502
265.25367214161236 -6.044353402842093 16.24409456667244
265.94476294842383 -6.002120073584536 16.641716340479277
266.6729067853941 -6.07203842537737 16.99108908876031
267.4140725388613 -5.976359173241894 17.257317219718985
268.122835087317 -5.919557577158522 17.61831309645599
268.8614900595481 -5.904484804767714 17.95949779704292
269.62146981125244 -5.856033261654966 18.337324312417376
270.3464655020077 -5.837311643293751 18.684770397019463
271.0781962412741 -5.800595258716414 19.038740822039095
271.81286006612714 -5.768373100259488 19.420052696014054
272.70721265265075 -5.708964474839014 19.854980189128458
273.6564036863434 -5.6301346470954075 20.206122233888607
274.564974336767 -5.637437506413042 20.653813595389465
275.46199564137197 -5.600682297026737 21.11314951832137
276.35919573948325 -5.522034119468522 21.554582716508094
277.2043069669977 -5.511062248360745 22.04148183543048
278.1498071876808 -5.438929591097189 22.345929253432885
279.04307218282366 -5.452483490594513 22.726992018540276
279.93775924694324 -5.416380923903478 23.106430342097646
280.8381746775131 -5.3606980988551385 23.42916781939668
281.7631269262986 -5.3161643019416385 23.795968141383913
282.69365242296936 -5.278693388205894 24.094402687846884
283.6159938161869 -5.22161418609036 24.419127606294825
284.52792830251167 -5.193767868791681 24.73705702350948
285.44070658942303 -5.1629089813256375 25.06201500830698
286.38291115553506 -5.117241186624564 25.34194174202343
287.3065340764322 -5.113174584417427 25.65499152769802
288.2725164765575 -5.095374409253237 25.917347855063326
289.2218482427069 -5.0292187065922604 26.17374434325083
290.1879021263876 -4.874822494739424 26.405595825354567
291.18644876396604 -4.8733655845789805 26.54881557409886
292.10377856912413 -4.810196825050308 26.88031773134934
293.06362978285654 -4.899119965599188 27.125909271693757
294.0940302122962 -4.801845366303583 27.19912767732103
295.06117656542193 -4.802497953088375 27.419930006059225
296.03852708105575 -4.771847746905218 27.610035330431536
297.00685556141923 -4.764821970579055 27.797876860335897
298.0117529014244 -4.7252431830902495 27.979127512273596
298.9783339407298 -4.718993833153167 28.116581185630988
299.9617362465963 -4.699241167944067 28.25942726938345
300.4552033571269 -4.715110464113206 28.552496458700297
301.00079168574166 -4.64048778182403 28.782696508439237
301.4821586741801 -4.612675511189466 29.06442030272139
302.0008297911907 -4.553006709408429 29.32729724367564
302.47248119827503 -4.520001692859638 29.61211806427643
302.93972227357176 -4.586871349035228 29.93421023604553
303.47050772401167 -4.460819018594486 30.11141846603545
303.9177275183437 -4.461056494855486 30.36787863584701
304.3789568072139 -4.450330505079669 30.598101814521453
304.84382887467314 -4.390689281108365 30.78048086902823
305.3124424731727 -4.381578519880319 30.982926694040707
305.7595392477854 -4.333171470994589 31.181852512971716
306.18859202504837 -4.304492615238989 31.398092940606283
306.5837041743657 -4.292145185067409 31.581831965804867
306.97952654576517 -4.260225618912486 31.76058206112025
307.3654368674253 -4.2327631379655335 31.958479406079285
307.735935171894 -4.1796626563931465 32.14869313045935
308.11241160968166 -4.203745379501706 32.34755338335224
308.47320045578704 -4.148666914780858 32.51078761764804
308.8059045709746 -4.021426711383266 32.70814066547271
309.1855980986291 -4.017988862800408 32.79830175224455
309.4312699806858 -3.941727538052623 33.04882451350774
309.74097535036043 -4.056060884582238 33.2412299101164
310.0728674980023 -3.9603337383089423 33.31215104819767
310.33612581610254 -3.9699761925401686 33.495856420149366
310.61877911883806 -3.963240377286133 33.659124322661484
310.8844886912243 -3.93657318241127 33.85237254076597
311.15083551325125 -3.936242436024489 33.9824902402075
311.3966600715251 -3.8739513344168093 34.1485243158488
311.6476283491484 -3.8513355595032372 34.30991994266837
312.49379758155675 -3.7960724475732603 34.71010825766854
313.22252708571784 -3.8359308321470875 35.2163917156199
314.02330136008686 -3.864767981327465 35.57637547694952
314.8031771197193 -3.8712293087159653 35.945669940413396
315.58143539472496 -3.8609637675887365 36.288901862118415
316.34756218952157 -3.826117003108602 36.704144968728485
317.10211930617015 -3.8421230235623964 37.06407834675909
317.8496123198624 -3.784746428474062 37.448190518571884
318.6406158283419 -3.797965393834112 37.81679000067276
319.3835367115243 -3.8176943418901335 38.20060267625149
320.14656793808626 -3.837477314122888 38.558989142472164
320.9097056909604 -3.821330678439038 38.92112788047547
321.66603222899664 -3.806975876708187 39.276904408625484
322.3949995681326 -3.839974788108497 39.63490507891623
323.156734571433 -3.8269546848312608 39.99591949564535
323.9130621496295 -3.840821997576388 40.33374700432901
324.64026598247136 -3.8335059869882535 40.68841011170587
325.40025138965143 -3.793934259921595 41.015878376299085
326.14902231334145 -3.8274322118189086 41.34727545517497
326.8777299091769 -3.892150161150024 41.671148012049855
327.5886060283677 -3.879387479503677 42.04711362554533
328.36433165784615 -3.8881973704629815 42.29079391277555
329.11621930220446 -3.8228068821577468 42.58474143437748
329.8146011833922 -3.867542213501822 42.98086628925951
330.5565048936576 -3.8260586853235057 43.30799234606674
331.2758257953859 -3.8355460221091473 43.616583261563804
332.0647811501033 -3.790262168822247 43.92454020261627
332.78740220086416 -3.8141303583899107 44.24519412098751
333.5086589191279 -3.7871537193885647 44.487056325159436
334.22056258171284 -3.776799901905879 44.824816410616755
334.7977627117566 -3.6689592502886432 45.30663816984564
335.4003996801447 -3.700549882185804 45.86030319416833
336.0376123229761 -3.583577344539571 46.42007989030417
336.66364311933853 -3.5283409913053005 46.98761491511006
337.272454963848 -3.4631002831403634 47.5918386239411
337.82812697014595 -3.41153111969241 48.22013005464679
338.4615118457802 -3.3114393778614706 48.75642214045681
339.034945230938 -3.3249718681130327 49.38004929120742
339.6372259991911 -3.25355028352827 49.97127121665834
340.19578606724286 -3.2261580135334085 50.57533946100974
340.782398168512 -3.1699915568004844 51.19223470994096
341.3557150762636 -3.0936431792092827 51.80551293415043
341.9033198932957 -3.069113548846546 52.45730180011614
342.4424570928346 -3.023815159574024 53.07313321873164
342.98805489040154 -2.963658342769476 53.70636277257202
343.5337215144142 -2.8938508534529666 54.33818904160483
344.081515475805 -2.8573884261249884 54.99056725818022
344.62091605071276 -2.8000753899496846 55.66264366279988
345.1516495301943 -2.728710683658876 56.32375556101465
345.6823632752133 -2.5858999869353525 56.974556228149005
346.2356193825354 -2.562825451264948 57.62335417348661
346.6990188075969 -2.50033696457111 58.35973691113129
347.21030784967076 -2.484227653462331 59.04622502661783
347.73940319656316 -2.4130039528892597 59.70516648019279
348.219706482317 -2.358447708807708 60.41050307067725
348.69875924646294 -2.303078749607476 61.1452017415366
349.15307660005266 -2.2781898759012797 61.8872427092561
349.6272463631217 -2.188161953590554 62.61875579595259
350.0942732816281 -2.1637468779664433 63.36731929157121
350.57266849289573 -2.131700467685272 64.11610131725595
351.1651892210647 -2.066347507064286 64.74959455719355
351.7346599815369 -2.0189741233718914 65.3522889851192
352.3061852747079 -2.0568391936516703 65.9836167087004
352.8875499324093 -1.9917707227916956 66.58546981142993
353.48726893098205 -1.9549212216727554 67.14095886055907
354.0513767597567 -1.951296158740343 67.75451875910899
354.67868604815106 -1.9207704849405824 68.2709662943689
355.2482068767413 -1.8962102304297135 68.8398146209447
355.834730242962 -1.8240891207942376 69.39867419774907
356.41758477926004 -1.8079790330451575 69.9430553756647
357.0199945967362 -1.7911990672837568 70.49937186050414
357.5970540914801 -1.756497904787558 71.04996434870291
358.18280055430284 -1.7426226361097439 71.5832549104682
358.7651593643618 -1.689446019388211 72.09782789377607
359.32817261207754 -1.7063414585444305 72.65071617187895
359.9107255813564 -1.673701151481294 73.17230847999011
360.49530477772333 -1.6547460894440165 73.67528942891761
361.06356822289484 -1.6647402350566534 74.22991857407229
361.6534727526891 -1.6022921571347388 74.74110157452712
362.22788850473273 -1.5238714809973586 75.26135564355556
362.84551534462616 -1.5111135751057025 75.72868104629006
363.3504729639852 -1.4668769374320225 76.29765756915181
363.92266986506263 -1.54307104163024 76.83350913889386
364.53168240402766 -1.4724837475238304 77.31399801901524
365.05334655711584 -1.4756794237841913 77.84628091920825
365.6270009344065 -1.474927075263209 78.35689054336501
366.16702622471297 -1.429726930109131 78.87110552786896
366.7416855103139 -1.4360643337833179 79.39584768866652
367.28990063795254 -1.4067539350730662 79.92037555757058
367.8579714623704 -1.3926356996679452 80.42407758812969
368.4703806510082 -1.3415852456454136 80.9038232587988
369.03920486875234 -1.3299130392222858 81.4206419739862
369.6601267860352 -1.293254259299753 81.85948221818529
370.2703554776364 -1.2887925728282263 82.31818012381464
370.84653598844784 -1.2995351078063453 82.7884453897332
371.4825760641723 -1.2165402188126113 83.19067864141351
372.05589424573924 -1.2085304597822637 83.69222620119127
372.68221491519853 -1.1839731513636953 84.12513142154543
373.2547761893583 -1.1494030151432946 84.57935906133648
373.88551955056533 -1.1177572876732293 85.01376830171618
374.46632976407926 -1.113349705072262 85.43353122898591
375.0774054627219 -1.0940451155266682 85.86293768494293
375.7190100138477 -1.0562695633074428 86.27400684241948
376.33940261011935 -1.0072137556941776 86.70675107966497
376.9693842624133 -0.9919239707349197 87.11606419740995
377.57625530494295 -0.959607831351774 87.51673690727803
378.2187503517969 -0.9228333166770987 87.90519737807462
378.8395848010218 -0.8564971440169361 88.28764987752844
379.4530219781318 -0.84776688357595 88.6939347958458
380.11910718298947 -0.9117573964924482 89.03117781156861
380.6929227633755 -0.9106801908754211 89.48693993749937
381.38223729507064 -0.8866318359492805 89.77482655657869
382.00624879778644 -0.7432728173071579 90.12927900070626
382.5962544113961 -0.800394656995893 90.55071588731207
383.23152591889516 -0.7347831700871139 90.9009842779517
383.8583779772524 -0.6813919622192076 91.24811231512706
384.4864878108766 -0.6910760744268419 91.59059660905359
385.115300847409 -0.6266433219936517 91.906452008935
385.770700055959 -0.6053803182955936 92.25382160691552
386.4213676897874 -0.5817379407685426 92.53309440544639
386.98959651790915 -0.47874684678380547 92.92619175685653
387.5042271004136 -0.5106538114344614 93.33643733956545
388.0792135547424 -0.4421972446288636 93.70827153127418
388.6831969753026 -0.365916025234033 94.06904100592926
389.29011898789423 -0.31495284819377184 94.41967452642893
389.90898352546304 -0.24149018625817087 94.80217507538576
390.5027428047799 -0.16061249182907972 95.16613627911777
391.12921737101243 -0.09746002786094993 95.54123898583603
391.77525244153435 -0.05537533283876506 95.94268095421462
392.42435785785773 0.014666587051504476 96.32000691822407
393.0708546250487 0.06736954030447273 96.6711155940429
393.72224822558104 0.1639733957675108 97.04776989454461
394.3823459854841 0.2052668878875884 97.42392719206758
395.0601347221979 0.2774571271135696 97.7766535733154
395.740011414069 0.3414652828051409 98.12650003454841
396.45487890978916 0.43453846966051657 98.49155730890887
397.1614338154237 0.5004499422285256 98.84612970556609
397.8606227475755 0.5814059719953901 99.18994443799505
398.6107483382292 0.6255834296909017 99.52641495637005
399.3138720039217 0.6824076174853988 99.91075436319439
400.0548189764121 0.7528716921392842 100.25089770717187
400.8190463139838 0.8475505995928807 100.58273846159317
401.5716297287121 0.9461526401810834 100.93995325732912
402.3148009641439 1.0038393235388345 101.33018943945216
403.0893939388552 1.0979463161949796 101.69042985781758
403.8620823518282 1.1852762165907427 102.03159981400296
404.6450323612645 1.3161683574690766 102.39401087457449
405.43936332329076 1.3623903615003725 102.73599812312804
406.2105598256614 1.4693756589615603 103.08424987257443
406.99465884302725 1.5609458488823291 103.48130337112777
407.8930378742683 1.647121629989146 103.98224172190638
408.75408951289336 1.7561382768491398 104.4587893748545
409.66051041197784 1.8716160768959285 104.91183989678515
410.5270472636793 1.9556443728367234 105.36729600683172
411.4113303417259 2.0731186750296335 105.82045538181202
412.3003210009968 2.1796817668307686 106.28073400746204
413.1702046278593 2.289452209909544 106.73073095466074
414.07427621356356 2.3957185230177425 107.16378541075778
414.95242124053084 2.5105644634839357 107.6096840871276
415.8584772094254 2.598494879084596 108.03039701920581
416.7484219385755 2.7044693321815236 108.44521071984254
417.6310832233289 2.798629723879652 108.88532170538693
418.52172563744716 2.8944884778060986 109.28988835997824
419.4020569366546 2.9827038707601066 109.70321759774947
420.29012444114454 3.1059440201495687 110.11815100206996
421.16506776849866 3.198782562798902 110.5049766881785
422.05196923449313 3.294429904160072 110.8950967522494
422.9273984213388 3.4166592785292123 111.27845230411829
423.80300225439277 3.4709721104269633 111.66051750068254
424.6698702650451 3.561619557914359 112.04294897773512
425.5254279529958 3.679256261147031 112.4139945388396
426.383151446115 3.761893421165504 112.78736464920077
427.2343755510137 3.8825535454382663 113.158750490886
428.06940855760047 3.9803835154574987 113.5419475310386
428.9112090186544 4.073770360470841 113.91459213645702
429.7333091757358 4.179453203122287 114.27698218686518
430.53487033894424 4.275287094692948 114.64579156577963
431.35638937157114 4.369173772181565 115.03419684785055
432.1752691987455 4.478203154153805 115.40677282011303
432.96506539565206 4.565470424278497 115.79034255878805
434.0087653855798 4.694376279064359 116.02575261664103
435.06553408159067 4.8306740296636494 116.21661227794108
436.08875555314785 4.951539166100542 116.45087325292883
437.13719646208204 5.077293783398481 116.663163256098
438.1775578520935 5.232649954586297 116.82511882942919
439.25627157941744 5.26859210879201 117.04413287271976
440.3390044435689 5.468914331235664 117.20338967411783
441.41961087621655 5.568048748906501 117.39294297718152
442.52163081034024 5.679106201095392 117.55236697934042
443.639929424687 5.795187295739239 117.70603722316473
444.7418764664052 5.942205427991442 117.86444101186882
445.8692233965376 6.048030299829712 118.02247372311076
446.98931765847215 6.172073037959434 118.17214626551419
448.12723988397477 6.300452603048479 118.31607935580647
449.25687135909175 6.441794205178069 118.4526579943864
450.40044412125104 6.563777620952291 118.57545473613405
451.5371002019451 6.687836582942987 118.6909704334562
452.68090855211994 6.779651756754147 118.82859447497577
453.83743590767114 6.9231676831045945 118.93638705177332
454.96810318743053 7.105618097858914 119.09625907062296
456.1399816815353 7.251596706204557 119.12310017135677
457.2735617589997 7.387401425624889 119.2960994230096
458.44493787223365 7.463922618417504 119.40851175997796
459.6049063237151 7.662867463059823 119.46166695626636
460.75955222457674 7.77456448071618 119.56029382907263
461.9109574006149 7.908680446865685 119.64403050400409
463.07258672288145 8.037147125815416 119.72727799760901
464.241606798717 8.183555120930443 119.80333648635107
465.38592688784416 8.321820753075405 119.88823723326061
466.54203835694267 8.462280074104163 119.95770772176589
467.4859549737561 8.50748260859595 120.11074152278314
468.5703358970484 8.488193731618429 120.08989228949639
469.6470969218554 8.659968664134556 120.18332912698115
470.71584906815974 8.718791685489165 120.24638296293797
471.8065161581381 8.787575592892077 120.43753403950568
472.8788761343473 8.771096596142566 120.53155646441039
473.96819634822066 8.904481112797908 120.59381648914658
475.05737420257833 8.81992828143532 120.71034446856291
476.1380398701784 8.882243069471029 120.7704569702412
477.1870580204338 8.940212829282265 120.8254971638744
478.28619247530946 8.978240253409423 120.91404506636465
479.349081776409 9.028477897206114 120.94506576715622
480.42306607368994 9.063511661734454 121.00538762887365
481.49128992342105 9.123471456929035 121.05379858932602
482.5417811529712 9.173725151925964 121.11622373498929
483.62478642219105 9.220363041416125 121.14370802578087
484.6811442644601 9.245095388425561 121.12840784082952
485.7381559790972 9.331991076975132 121.14356699766209
486.8126559450032 9.368211533305788 121.15774522940055
487.8660548797232 9.511138643264683 121.12733131039828
488.92810314168764 9.499391018421994 121.06870125274926
489.9759659935189 9.580676733952146 121.11211102573137
491.0280659331085 9.571898026902785 121.13149748010589
492.1018314824506 9.649963174422169 121.00861576548608
493.14482069316057 9.661849783157592 120.9740297896235
494.1898470339593 9.674269041516384 120.9446853059415
495.23969552116165 9.681351237617411 120.90863109514574
496.283323246781 9.71674256376152 120.86365637685464
497.33062146953995 9.723419037580584 120.83867066504642
498.3626186984624 9.746930446271602 120.76897326194897
499.857881480967 9.651589992143139 120.4657556365379
501.3336021871366 9.656970598041795 120.11132454655153
502.8006795147934 9.579614218069606 119.76937440957201
504.2187841134167 9.487007799438995 119.48489200994455
505.6922237537874 9.486659359829872 119.25492115421085
507.10452350179446 9.372383021122403 118.96032767172547
508.5426325781194 9.345921298328399 118.67001660933474
509.95981860221127 9.222674480938725 118.38879663727744
511.3531060266519 9.191510551625246 118.0253583602545
512.7284749428386 9.057020603549146 117.72424606924267
514.1307213340659 9.042510678083516 117.46294589059261
515.496766091336 8.929627462686032 117.10691479890747
516.8547199907548 8.876140004963299 116.81183998232042
518.2039102197991 8.8361307809976 116.50755618286871
519.5665965686064 8.785371620010872 116.21866400333211
520.8934860837056 8.72714463636444 115.8937980338753
522.2061954171464 8.69370147125082 115.61504554628382
523.4949843621623 8.644200247939137 115.29214943576193
524.8015127833908 8.610018954864714 114.99460574728916
526.0809835787744 8.600107093094183 114.65111643938721
527.3254330026382 8.543744514559512 114.3185718723249
528.6256112911807 8.48468672580849 114.1138238905749
529.8824247271607 8.39835159417707 113.86008450459725
531.1264092149164 8.398393248324712 113.4681016715635
532.3682758782857 8.305500401376634 113.20191728591305
533.6068885661307 8.259345457074977 112.91488155378259
534.830307128191 8.178534815652458 112.65477847390744
536.0988135697263 8.148002693315942 112.36219789213604
537.3763788964075 8.06562318819963 112.0905741151441
538.570370105536 7.974291758541258 111.75991983872873
539.7038254663303 7.976978272579683 112.00072749530642
540.7501030368384 7.850029117436103 112.3459562071301
541.7968143412164 7.909283346940003 112.55352404524501
542.9049266053761 7.861616597049798 112.79229140990905
543.9828464788983 7.832620862791664 113.04541473361964
545.1006590264291 7.884709326270284 113.2756300588618
546.1881639022739 7.7940261443750245 113.58696269798116
547.2851801681446 7.852181074129252 113.83552759745595
548.4037875911395 7.857182391561366 114.08141713965219
549.5205330633435 7.81635667877362 114.3449280848802
550.5816024980751 7.787484128309244 114.61761385024519
551.6659488480243 7.767715015683284 114.90791576193459
552.7339539608757 7.7208307057949375 115.18686761680448
553.8160525922929 7.71920349231744 115.4633457107864
554.8891773019695 7.731781968388385 115.75482236057366
555.9578424378934 7.71506156583056 116.02174130821044
557.0358694769736 7.7160479954597765 116.29234584532334
558.0755729376723 7.717966077389414 116.56791978462392
559.129032547525 7.685797258620495 116.87054674997623
560.1552037643255 7.595983235063819 117.1537302562398
561.1593847071621 7.582827241258871 117.57846922269852
562.1907435315165 7.576733672474939 117.7890192416353
563.2117107285878 7.687252389814636 118.13759056921825
564.184011345486 7.6000887645671895 118.60724176774666
565.2056397437498 7.6512698562130135 118.95332570970444
566.1809776152865 7.631074463109405 119.31053026794933
567.181634770075 7.672046816472387 119.66889830363172
568.1677307565864 7.624021771831689 120.01955955020944
569.1196057403016 7.649365574734914 120.36667245058304
570.0933239608886 7.657086252127783 120.77738913149815
571.2367023731217 7.679637910483267 121.44724493920114
572.3747924106127 7.659259599788593 122.12120094194934
573.5311816336167 7.5179111492463715 122.80704178532542
574.6992806363371 7.569439876561863 123.42757433036691
575.9321854728269 7.574613610933289 124.02092740459473
577.105072535061 7.5899434561682 124.67502781726027
578.3342047281005 7.516336285278045 125.26532210488139
579.5606742173248 7.557920609545402 125.8198508830908
580.7864142368954 7.533749518830212 126.41076577645269
581.9847615558685 7.51099617932726 126.96245730218693
583.2118187597913 7.488656017288773 127.52641213471699
584.4407881642363 7.457166758201771 128.08965290764755
585.6656856932334 7.436477116865074 128.60988601486457
586.9009108490629 7.416544727466349 129.11707058856987
588.1378365884706 7.389563956751846 129.6405627756279
589.4043543157794 7.369982719335092 130.145855579059
590.6527933787596 7.337674343554242 130.6288655211792
591.9063678176193 7.270428195361083 131.11128063226366
593.160405944436 7.304023053756431 131.57954634088998
594.4033398775869 7.256447677251728 132.07445369995958
595.6770797103306 7.250588565442898 132.50584420607362
596.9055730062618 7.21162194273575 133.02204946572223
598.1630007637518 7.1034178922650835 133.47325506802767
599.4528529149835 7.107658967096104 133.88069156898266
600.7248295307398 7.099473820246766 134.29127064049146
601.9971242306274 7.051035986552205 134.69749090618856
603.2932676398252 7.053022918258123 135.1006216777191
604.5734480789814 7.021619808301515 135.4986685426419
605.8660045431758 7.000495449759824 135.8919917289865
607.1440859669003 6.97293452603606 136.28309449843337
608.1217939771734 6.952985442347079 136.62322285988267
609.1034732225509 6.90472209064902 137.00595035110308
610.1028942369616 6.933425225351207 137.30782508306103
611.1057195070771 6.875399101398126 137.67551287935066
612.0843428142907 6.8401913022902345 138.07890708515836
613.0765872133891 6.877510703561323 138.38813768329263
614.0278973000153 6.818118296876381 138.79373084826238
615.0147085681738 6.755584102270078 139.16933654945834
615.9665935879982 6.761661185769665 139.55996698781016
616.8906957982379 6.714414946659061 139.91936657716928
617.8727032107597 6.6968405655125816 140.32683448092519
618.8316067706229 6.671081131232718 140.6868028806663
619.7645128111637 6.656352789682434 141.06229721205517
620.6814836894777 6.639301136127029 141.4066138367975
621.6094519332552 6.612635454076719 141.7752620508184
622.5067917270387 6.608991831749709 142.14235535993987
623.4185758643076 6.588944744576823 142.46624872051123
624.316797357579 6.644004477635304 142.8240693353597
625.1995755776023 6.572036293059988 143.16046956045804
626.091286326753 6.516537974474303 143.47661228698956
626.927133230516 6.510762470635607 143.87408862557095
627.8028701410058 6.467324290103426 144.11086484251237
628.6474446633412 6.544906006487046 144.41778551341525
629.4649179355463 6.456016794295314 144.7557041722037
630.2831007187391 6.421355861901826 145.0340638914784
631.0915059339611 6.404940298614861 145.3284909212044
631.8952867978496 6.3427415838421375 145.61026331275124
632.6719495001553 6.341273408688808 145.88422626587993
633.4617090262096 6.302325247027618 146.1474403126045
634.2367505399106 6.266501848559573 146.39616992535895
635.1281988775544 6.238943975369386 146.2903128784911
635.9919702610937 6.144042315820625 146.25704473981835
636.8376161014377 6.007708178517897 146.15901035047193
637.700192945327 5.967923364536947 146.07770025639755
638.5712803427853 5.896845422222879 145.92508406906148
639.496995736829 5.895179357864467 145.77646731105978
640.3784293973684 5.735391513685533 145.67765425485283
641.2981341808407 5.741338267506803 145.5246649130422
642.2044759990348 5.655786551044878 145.41942965908567
643.1210373214574 5.584154783974039 145.26155726661827
644.0558014736431 5.491765253625642 145.1490172889139
645.008497291108 5.381796034627273 145.0104245244809
645.9318283364632 5.2958680455771665 144.84419139526057
646.8589279889 5.218348779861841 144.69429224662787
647.8063851172568 5.137275820440756 144.51547379881745
648.7459534475565 5.049185747841983 144.32923585006543
649.6934392436148 4.967709072487393 144.11080433751184
650.6345452349678 4.8911747490863 143.92550884398477
651.5813979728996 4.821738693472508 143.7204387805925
652.5112308790765 4.628970010688718 143.500317818438
653.4783390674468 4.588730329972474 143.3903716433765
654.4239062941693 4.45066601022644 143.0965082408974
655.3878003139193 4.430390714135525 142.89718132089698
656.3567635118638 4.287179573604787 142.79102994507528
657.3268902734136 4.193909021093557 142.57120489540551
658.2837280000676 4.090396588376324 142.37046424665198
659.2253408909335 4.007941158021584 142.13855118795456
660.1912077073671 3.8949382051454973 141.9211372130292
661.1821232859396 3.8027233274070005 141.69779115682945
662.14618274789 3.7105419579255225 141.46494778042847
662.9747105327216 3.6597370058572447 141.33549042034238
663.8094651154594 3.5906945647659443 141.22347593124795
664.6446675464549 3.4743899700130854 141.0469864832448
665.4422940634188 3.3826207283585377 140.89662708072373
666.2647583700742 3.306111697996486 140.74367682539614
667.0774675505508 3.272423266478274 140.58685932994948
667.8564741073184 3.1596233902660367 140.44393091377546
668.6609643810583 3.0863376808027008 140.2803384182737
669.4579950668798 3.018614877277998 140.1287316159412
670.2228749247247 2.9258436325014574 139.9687722514615
671.0364865637697 2.8559640058018267 139.79279509063593
671.7981269438948 2.7583186996345104 139.6267562293174
672.5627190711319 2.6916413408415147 139.43879283612205
673.2887209665532 2.6211755566400625 139.24484644806628
674.0417150599561 2.553492299137032 139.05550764379646
674.785331663006 2.4689795108037043 138.83093118416195
675.5089942906691 2.401953726064743 138.64136066330138
676.2434614966646 2.3828368945606666 138.41986710190815
676.9561587185144 2.28712903790589 138.2043868871902
677.647154723663 2.1664234797708977 137.96370535832543
678.3472950000869 2.0897267633104057 137.792374156369
679.0255361270878 2.031047913664314 137.516768523693
679.7029530113273 2.048728332639887 137.30911328036692
680.3605051420702 1.9043420692466344 137.09019743855936
681.0089687353824 1.8407182324577565 136.8687533745842
681.6512513003188 1.7592582338876475 136.66990703650998
682.3010870361875 1.6750502421818187 136.44959875083433
682.9141224952482 1.6077027823720873 136.23193653561978
683.5494092957161 1.533744826101314 136.00807141127532
684.1412624746895 1.473216909028448 135.77816726895622
684.9230993468015 1.4199452992808543 135.6351401278794
685.666032039781 1.35587604247691 135.52052605601418
686.388658338752 1.2625881354692468 135.48758265293066
687.136754052887 1.2167854518625427 135.35571507070907
687.8880435761426 1.1414655512273755 135.19177345041595
688.6715419304326 1.0514860392237213 135.16211383898062
689.4633297079398 0.9987056515435516 134.97380080875618
690.2414028288878 0.9705896061339856 134.87896177603628
691.036797359652 0.8685863698521252 134.73513634872847
691.8110489814827 0.8060497004065548 134.61078391475513
692.6136180102854 0.7464055730707615 134.51992777844177
693.4159432658297 0.6822678108495824 134.3932298335936
694.2081307534745 0.5908039283057422 134.28577735632032
694.9912605973702 0.5029397335539006 134.16239513950572
695.7842958847433 0.4430444051473814 134.04117317149152
696.5777415438769 0.3673988155315113 133.9052472187296
697.3769037518829 0.297417803082783 133.783936976474
698.1564978896694 0.11226498746353997 133.68007132759553
698.9530060310631 0.09682865034590882 133.53635115109722
699.7560515556879 0.06635551369544324 133.48181668903217
700.5310340401229 0.013555870775929346 133.24780027113542
701.3489176654977 -0.06666511243652429 133.2451304841509
702.1278087586747 -0.24765948977267116 133.13991069463117
702.9138487317946 -0.25097735243935926 132.94056767333439
703.6950837716295 -0.34409778631839694 132.83582259328173
704.4906490838887 -0.42613795484435313 132.7078569722357
705.2708154368468 -0.48055264553210497 132.58928124801866
706.084398381797 -0.559959279907372 132.456766721198
706.8729323453607 -0.6181453167069564 132.3468647027111
707.6613486344744 -0.6779259562307649 132.2377781744716
708.6689499902321 -0.7391534258413452 132.14781660367518
709.7423778186078 -0.8422819331718545 132.01449243420703
710.8039436522126 -0.8993302282285561 131.83684823781596
711.8587942506031 -1.0032060312862727 131.72123185757147
712.9006918501457 -1.0971521671498339 131.62290882591049
713.9445027445684 -1.173823860154244 131.5047187794318
714.9664844166374 -1.2697455652198497 131.3856626176377
716.0101630830648 -1.400340031340888 131.24576644770804
717.0280500477733 -1.4715338142053853 131.11499876404358
718.0457913241947 -1.5781812407376046 130.9811475805679
719.0437944455647 -1.644837064649256 130.81324060255716
720.0504572521342 -1.7396892979807408 130.6719211249517
721.0465267916552 -1.7916670433411952 130.50109842635794
722.0299378518423 -1.89849661207667 130.33561973158064
723.0320649269902 -1.9315000065611154 130.16714310602464
723.9965654131796 -2.021260346882191 130.0024571934987
724.9520125538255 -2.1020345051399643 129.83839839264726
725.9155655571648 -2.1265273148708363 129.66269293482227
726.8697369887705 -2.2175923428633073 129.47047687204702
727.7998600998978 -2.289358479156292 129.25700985087587
728.7428628937084 -2.3972106603285708 129.10262763818895
729.6674348072102 -2.4535838863234254 128.87532381263986
730.5783476710418 -2.475883570856075 128.6848890736254
731.488403617615 -2.5634887033413474 128.48311040600666
732.3826900311914 -2.644854392316486 128.2814410822302
733.2746366464384 -2.715706366007379 128.09061289601414
734.1698928110583 -2.8262229831242554 127.90060666545575
735.026594939846 -2.8715948168643664 127.6967824907482
735.8887925832662 -2.974198895516005 127.49631456464014
736.7384459519553 -3.061613774649248 127.29053279315043
736.8846872696083 -3.1706338121850317 126.85597651238109
736.9741801521062 -3.0850225035726506 126.31494694539768
737.1369005424456 -3.1548675086631524 125.86172848455864
737.2453044846295 -3.2045235127124 125.3899518921285
737.4312113871995 -3.2736810372825174 124.9504360951192
737.5763759101573 -3.368603399908658 124.4730405447609
737.7333828371277 -3.3669256450904914 124.04734312140586
737.9250968865351 -3.453216237497222 123.5945227598657
738.057188229954 -3.4906098292663383 123.13898839557022
738.2410529171021 -3.560258297934698 122.65471100197442
738.4231878587077 -3.613966531634449 122.2307261595705
738.5783564577274 -3.6981189277886184 121.75894469805235
738.7599023719146 -3.7483294486548027 121.30089263835215
738.9647743446434 -3.8256381909581236 120.88334053152016
739.1476445284644 -3.8377908936666096 120.42481007012607
739.3465153694518 -3.908327439142287 119.95961030911813
739.5518251126219 -3.9722073917151377 119.51638347388716
739.7399047672502 -4.062869383332832 119.06761941538106
739.9577303550134 -4.077625324694371 118.60774880286678
740.1640085802835 -4.11341997125563 118.1533822845641
740.3292861040835 -4.185853895243627 117.68341564113885
740.6082085110194 -4.23723138424308 117.23743098652115
740.8456148011618 -4.333545098122315 116.7937983307088
741.0395430504868 -4.36132997814625 116.32570693620629
741.290811412591 -4.445907787222296 115.83102439436159
741.5385263679515 -4.528432979555955 115.37367225962669
741.8054026910163 -4.621507062235718 114.88531150493121
742.0422322047217 -4.6682344800624875 114.41900655904733
742.2649511413827 -4.723054557875121 114.01034838810175
742.5131005325006 -4.7880505118635535 113.52722390833046
741.7514019997295 -4.812644455591065 113.01245778518066
740.9944055856755 -4.745270295811993 112.49326474217203
740.1963483474823 -4.823170644067064 111.93367620050927
739.4109814191055 -4.838319311449609 111.46199635782084
738.6739610559029 -4.886595756002336 110.88310871870546
737.8967181699253 -4.898416807066697 110.38601206040488
737.1919097230505 -4.931815178094474 109.80166249438038
736.4323827035347 -4.965415403962478 109.29092088689934
735.6959409930025 -4.959107106657955 108.77216858555249
734.9663145252323 -4.981936816487329 108.22291813239679
734.2528779152467 -5.022012692706922 107.69980338934691
733.5320441592747 -5.037192909038491 107.16623828035743
732.832939743666 -5.069305147909734 106.65684146181911
732.1405265634404 -5.0524613566048275 106.11697586376995
731.4212640379117 -5.090610808401156 105.60007723785024
730.7435756636814 -5.099525497000342 105.0409878668071
730.0501415464902 -5.117663788291778 104.53326930505732
729.3757752254909 -5.118662742345059 103.99720993045361
728.6964654931492 -5.1545232812089266 103.44687622877123
727.9971614464705 -5.24856650046796 102.93765506225758
727.354429726552 -5.290585734157531 102.34334945622673
726.6666075141821 -5.294038213321849 101.8303261773117
726.0101418961596 -5.225015713263775 101.27547416095027
725.4016426179229 -5.324546388109178 100.67540314056532
724.7546656589989 -5.363434627278943 100.09680544368197
724.1440462900216 -5.415186713416732 99.50885282432418
723.5296366450532 -5.461471112041609 98.90734599816955
722.8960365001136 -5.486277152564318 98.35165822558542
722.2819410580753 -5.52678531706548 97.77734821210665
721.6673831928899 -5.573651065492592 97.1975499973372
720.7799938373684 -5.568764852147673 96.60275642595208
719.9133622055383 -5.63346495454239 96.0690088266783
719.0758998007407 -5.640633529695347 95.48395479558101
718.2035320281244 -5.6435264580472575 94.94548216625658
717.3393777009293 -5.652669397010304 94.40143670768083
716.4662166174194 -5.643313223784532 93.84082060742585
715.5893437153899 -5.671891019006774 93.30187758177762
714.7168585782651 -5.6546117763630726 92.75829601648314
713.8398194691222 -5.655878574272767 92.21375863618259
712.9689874664556 -5.682372356229457 91.65495019148322
712.0827606352777 -5.700771542752375 91.1157545868099
711.2005286134057 -5.719015822596267 90.57115955464835
710.3367111290141 -5.738319771420223 90.02345147418576
709.4477442389871 -5.756137372025383 89.48218825947043
708.5644441107337 -5.769365833954807 88.94138846677296
707.6649087417941 -5.797243152443284 88.41007387768602
706.7878440412471 -5.784126284730154 87.85686297564921
705.8873105688556 -5.824895721177436 87.32120183652273
704.9957791406766 -5.804266561136566 86.78362167008746
704.1097012892802 -5.83994298824729 86.23083416010044
703.2231916771979 -5.847916667978312 85.68727459573923
702.3393499173762 -5.861643536041634 85.12447306360464
701.452967844346 -5.907553289847172 84.56519534713719
700.5608376066617 -5.902063490656875 84.01694634092367
699.6776160136691 -5.933720208192333 83.45929696527521
698.7917598397429 -5.946175102074197 82.91519052391268
697.9057423830868 -5.96529693836843 82.36409061081062
697.0101111239087 -5.9809132683017925 81.82754163346144
696.1340648711111 -5.993624224376302 81.28241844497738
695.2568952231021 -6.011803284377935 80.74294595312513
694.5882203110003 -5.970025142608744 80.238407450253
693.8613850426968 -5.948994773141884 79.70895452701714
693.162796417248 -5.992565112481866 79.17963098096347
692.4369638109363 -6.015802282494771 78.6727007512029
691.7693734604462 -6.027028483089843 78.13712839623426
691.0445831281911 -6.021395732433664 77.64435203266804
690.3428046428342 -6.032611306657665 77.11628298709866
689.6793396669527 -6.061659888469579 76.57384008456474
688.9569512891787 -6.050356710015738 76.06884573731195
688.2393496431865 -6.081045900686739 75.53520214351447
687.5578057985241 -6.087551613460067 75.0456887972288
686.8311871861172 -6.121537313331983 74.53523152071305
686.1444469218031 -6.1297546536506315 74.03627884388725
685.4458476280104 -6.140813156160993 73.51683469110249
684.7449608979364 -6.133041521741823 73.03695609359437
684.0445055054645 -6.140543659737975 72.5457341326779
683.3488103845642 -6.19023587780441 72.06661859073655
682.6623051130716 -6.135546681819256 71.58441703636488
681.9659713482785 -6.177431637389264 71.11176964471039
681.2641853798718 -6.206071778961013 70.66332793941945
680.6057612398911 -6.229844947543069 70.1714475137984
679.8828128012956 -6.232226731840315 69.75018914857823
679.2188651558267 -6.159237478842588 69.28473944509443
678.5657045843083 -6.213540561104413 68.79098549065289
677.907309930147 -6.231452035514918 68.31804200398524
677.2483272537302 -6.240034897863608 67.83520955272165
676.5811468829904 -6.2743902156333995 67.3676445442557
675.9195796274579 -6.263041367637182 66.91488403985073
675.301430446741 -6.288318822679389 66.45067364604233
674.6444981665545 -6.288511163646843 66.00554115604452
674.0117436677228 -6.300339410233905 65.55043360118259
673.4087813301198 -6.315900625793842 65.0471967980228
672.7728309719151 -6.297206463856744 64.63996756854513
672.1404441054215 -6.312245041625203 64.19937177992259
671.5428396263661 -6.316770744863992 63.78314953578044
670.8828085578381 -6.317227721148485 63.402174901660445
670.2998893036604 -6.337396957700131 62.93152829789846
669.6951217709392 -6.31202100212914 62.51859326912563
669.0633269187789 -6.311144552334092 62.13709550879872
668.4473231633664 -6.352851305882285 61.71442330382385
667.8741299589757 -6.351966835024166 61.34831575516102
667.2645631138311 -6.383565208785143 60.985526886145564
666.6778376484863 -6.393924165120526 60.639532846275735
666.0896242179557 -6.399876005709919 60.27525664162968
665.5183415306086 -6.371184339684516 59.94243986416667
664.9404819580069 -6.390031642598524 59.613917645475325
664.3638766935411 -6.391218494589072 59.29881142882531
663.8208454837554 -6.344945306514669 58.9916789675446
663.2720956666546 -6.367817140410113 58.68927931273492
662.7422864985742 -6.459192924563907 58.40468188751304
662.2640422911605 -6.450034158441766 58.048075104953824
661.693925162074 -6.458376098723731 57.8458996357936
661.1788473324077 -6.304452211129554 57.56469098995561
660.7310475104575 -6.368318068241151 57.22951439678063
660.2384840057871 -6.3817761603687515 56.93551010403079
659.777661564759 -6.391739946522104 56.672008131047065
659.3243986689049 -6.383879958912587 56.39802526316279
658.8452393266307 -6.39190328721518 56.134926484660966
658.3949210286193 -6.3868003181004145 55.89314731441676
657.9434617423242 -6.379173762692305 55.632566623739194
657.1742304768978 -6.325616992557177 54.907551351156606
656.5681746324337 -6.448672750675715 54.15048712781294
655.8915831247024 -6.512575043069172 53.4954562953544
655.148292099205 -6.516974781980943 52.778255765768684
654.3979390884111 -6.577100320442949 52.090396127942164
653.6455655179053 -6.488427953928978 51.42136062055674
652.940186268989 -6.602110738067713 50.643880346866574
652.1776220016246 -6.539363236594275 49.944244985751475
651.4360237237232 -6.55904899478819 49.19713981009236
650.6871511483338 -6.5841560669218255 48.44299510301573
649.9519574080076 -6.616889501283414 47.73011708357962
649.2149356359625 -6.675845986427952 46.95060799388592
648.4637731682874 -6.704734527650886 46.22015205915082
647.7070213300266 -6.707718187004573 45.517188374982766
646.9671767075321 -6.718579205453539 44.78059108717836
646.1765772774197 -6.7461901425299855 44.04850474168237
645.4048695583465 -6.738679835995863 43.32727331572886
644.6614873951572 -6.773315453065708 42.61114332195396
643.8863792956123 -6.786440566437848 41.91345113894565
643.1642573756486 -6.975859126568667 41.188579207596256
642.4839442357651 -6.953512189754083 40.39602914483952
641.5997588743248 -7.00949604729747 39.818645885559626
640.8302187204123 -6.884183367361526 39.13062223622997
640.1743009010468 -7.009230408646232 38.353200803399616
639.3737224729908 -7.004517464977554 37.666814394178985
638.6059522550247 -7.030667355137805 36.992728868770335
637.830039159514 -7.0261797378589606 36.31816975820563
637.05860504304 -7.050201234853336 35.656392321553696
636.2553800532443 -7.0132697815822205 35.0104798275537
635.5005308864908 -7.03039954937707 34.32246813150658
634.6986823083303 -7.0498410600331685 33.4442673571474
633.8853440342782 -7.132108806814588 32.575122399130386
633.0824566998627 -7.153106793101875 31.775290472262956
632.2605963009216 -7.218406547283835 30.937794890052086
631.4997916083864 -7.232219088731713 30.108937327206426
630.6690732256457 -7.245025452734212 29.313317085495104
629.8909212355591 -7.302434780394539 28.471352466536224
629.0758826743008 -7.354638225136026 27.67140184994055
628.2839249291136 -7.38230566225872 26.861077254782778
627.4661828265467 -7.420983987780665 26.09975009064251
626.6506103494354 -7.454170048089406 25.32627197970689
625.8411624489282 -7.4995028517477635 24.55649460340974
625.042711884888 -7.544314860758267 23.821384430863247
624.2329259462252 -7.54327267815251 23.104519932016068
623.4153505910072 -7.592315293275213 22.402875952023194
622.6005680578928 -7.60332858766195 21.70205519257695
621.7807319741116 -7.622701643457443 21.023056976385483
620.9685091423578 -7.597837740407653 20.370923010766163
620.1606593663718 -7.620118076656109 19.710933570770063
619.3510506907727 -7.6759014286843845 19.104516580051616
618.601604088867 -7.699794914100611 18.441023246015504
617.7614957014858 -7.729635899936408 17.874395249325197
616.9649512702119 -7.663815754398739 17.27946865598161
616.1990473853172 -7.72531119213309 16.68540834874086
615.4159440577603 -7.722512310073698 16.12783798908559
614.6610181450953 -7.731219215277703 15.57285124030621
613.8904207467605 -7.771012664659663 15.045388304898427
613.1237994784875 -7.768516448989345 14.516329483892228
612.3769345781312 -7.77729543667948 14.003757867933956
611.6101996283905 -7.790144656525641 13.500108637515481
610.7792403709943 -7.747461162539238 12.59415514178457
610.117243796905 -7.866833225633403 11.659153232685513
609.3366506301867 -7.976666172680944 10.78804369406755
608.5376626819302 -8.000681701446728 9.91935516268023
607.6902401097782 -8.032769185254196 9.099590828437663
606.9025356389365 -8.03312700759896 8.202791184697997
606.1253874471395 -8.146305779241874 7.289530364033798
605.288253281697 -8.104143290490327 6.407784804336188
604.4663706004953 -8.190013170315826 5.482649188799581
603.6505884893846 -8.22541945994794 4.598705495813583
602.806877138563 -8.266753996734893 3.6760223821416744
601.99437638188 -8.271211702585015 2.752963362045973
601.1544027885448 -8.310156262962215 1.8423519320838153
600.3040749509329 -8.347987109723833 0.9633212461092722
599.4661262076734 -8.362516934469399 0.07724511122355793
598.6021303139357 -8.408093974536541 -0.8219599705539444
597.7425178267086 -8.417064346477446 -1.7195060168874328
596.89219029981 -8.449158894664206 -2.6067618883938266
596.0170279455009 -8.520018003019068 -3.470347406639572
595.1785489583516 -8.670146699149077 -4.36802104125622
594.3684161114563 -8.653574377745459 -5.279325339058495
593.4185831639431 -8.724410374611091 -6.064731313854143
592.5084002507855 -8.655833000381083 -6.899219156968826
591.7282725994124 -8.748423465852927 -7.803304561637351
590.8493430715886 -8.804411217365194 -8.633802288322084
589.9659930392481 -8.844590528538397 -9.447278027031146
589.0829204666497 -8.842631128771458 -10.24581717450295
588.2013225504667 -8.890182390330335 -11.05311091970993
587.3226696463065 -8.886831086966987 -11.856835766986059
586.4622206951041 -8.926850564672332 -12.690665581467453
585.7672610050707 -9.011412796802835 -13.30480759019205
585.1516461538854 -9.057395368234005 -13.923499985682513
584.5293495125486 -9.187498470797985 -14.540193995334493
583.8174492756721 -9.242717506985922 -15.153212007477432
583.0932223964853 -9.312337461357354 -15.692849220361094
582.3642076191055 -9.359703843270953 -16.237641314851967
581.6974576117201 -9.494517604479977 -16.832812117408615
580.9567398630761 -9.48175629094015 -17.344325649467773
580.2339022280728 -9.535275418940802 -17.877098857159964
579.5277021816154 -9.631333591310922 -18.427747683249315
578.7732049614871 -9.713718067982338 -18.92937230781174
578.0511666764243 -9.817219625720375 -19.44927027485137
577.294939028407 -9.887877733280451 -19.916159410735574
576.5492667316499 -9.942461905248397 -20.364582741702982
575.77777095237 -9.997186903218942 -20.797788241810093
575.0200366946368 -10.08981300670911 -21.216147511685648
574.2530079840498 -10.127577951483863 -21.649637299818764
573.5045635574611 -10.248026143305157 -22.07088596687644
572.7447424883078 -10.33322537760449 -22.46070615803229
571.9840074986178 -10.49286442456088 -22.808689246591044
571.2691651921837 -10.548274955342954 -23.238263574063687
570.4672178904677 -10.618674629943355 -23.533954036293952
569.7120055847579 -10.595014513527708 -23.881667788030068
569.0242775019366 -10.726481042717442 -24.262366512817568
568.2868476374574 -10.751293981222286 -24.602915661249106
567.5445707262138 -10.822517785319393 -24.934586680585408
566.816114998236 -10.852565475186523 -25.20211729648966
566.0681275106334 -10.940352132913866 -25.524924561185482
565.3234344821126 -10.968016335446 -25.812879110556192
564.6102460926448 -11.018884509734448 -26.12683641122512
564.1711825378846 -11.0729664534202 -26.618219449678747
563.6993031716735 -11.104353193518484 -27.192548913602916
563.2731605733989 -11.224069199020947 -27.79264588127362
562.8010850337479 -11.292717499051067 -28.34028102232343
562.2970276204405 -11.392508267867164 -28.845915275103867
561.9571209669444 -11.47728131645124 -29.465852880788606
561.4518494219 -11.50706925323208 -29.94645379334054
561.0191376415265 -11.57212394007069 -30.49972963683036
560.6008769410865 -11.697148675357885 -31.074404185440308
560.1724572954663 -11.74164501044309 -31.61794833207624
559.7268352704953 -11.80834989318942 -32.16462866473039
559.31716430637 -11.814703020804592 -32.71082696420818
558.8975877821689 -11.874802597239677 -33.24627558254348
558.4697455274833 -11.98804272074224 -33.78652147306257
558.0568422202961 -12.024393468288006 -34.320745817022306
557.6179883261971 -12.086123569947981 -34.87844252797629
557.2235800391989 -12.134033248550892 -35.42184117096711
556.8122692294012 -12.277537362162093 -35.96474463080121
556.3871313992602 -12.347489674700421 -36.50756365954229
556.0042919417965 -12.355608182278113 -37.12043225860452
555.5012057940871 -12.382343273118792 -37.60429047450414
555.1520803201647 -12.459928638744522 -38.21578148972232
554.7342879444349 -12.60817572592276 -38.76132319475131
554.260296057924 -12.608110887005672 -39.28265187013044
553.8419956185246 -12.709794308865956 -39.81821522930966
553.413278751738 -12.791734662720092 -40.39026071006419
552.9831529383614 -12.85936190368697 -40.95855107476335
552.5578954977145 -12.920398156739404 -41.48933976321345
552.1173457609794 -12.97819546405257 -42.041097855427964
551.6877597837572 -13.047049162009525 -42.612113582674
