-0.13945859667582036 0.06766429549547597 0.17458054423365493
-0.06994512672505442 -0.07859456529245284 0.2804920076924689
-0.1525509058714717 -0.04131534680773352 0.42202496524553185
-0.05494013418092339 -0.0372501833009884 0.6241983175051353
-0.10041251764175127 -0.057224392589182424 0.85038614269321
-0.21901217087446423 -0.160240977676015 0.9239463805208148
-0.26640617828399094 -0.06589302380971421 1.1217894553449312
-0.2704058287344848 0.07311996862705147 1.2755129337110338
-0.28714871384286805 -0.10433454765117378 1.3136703967186918
-0.24813127492024517 -0.14956559187081545 1.5167326926229256
-0.2323185202570472 -0.09243623852001875 1.7013542651404803
-0.4636179205667853 -0.18738740618159927 1.8244824408026994
-0.526849031100741 -0.15940797256531586 2.050478458257943
-0.3448126312350387 -0.17217877429444386 2.1944780348530277
-0.4393769200363179 -0.10470664412563684 2.502530097849226
-0.6015988584080951 -0.09972461969672423 2.501482486586776
-0.726993262312039 -0.195622979645973 2.6873483655900747
-0.7953770751811855 -0.17379644411041736 2.8923768995217403
-0.8997043366046362 -0.21508389604202166 3.0387439725483296
-0.9908713096998704 -0.19893358536870406 3.1477761266217943
-1.025516151809814 -0.23163652301133378 3.3723130223561912
-1.234635352482676 -0.23706365996069123 3.5699186322124095
-1.3772836917272653 -0.25665601956762957 3.729430198343223
-1.5602945082743018 -0.2809442268052174 3.889881133667143
-1.6491637222890851 -0.2674707755789207 4.14200258217364
-1.8192137472493928 -0.253681062144329 4.293321132259428
-1.9790143959120465 -0.28100123845292535 4.451380729237836
-2.123265742476429 -0.25589322882884497 4.588953971409691
-2.2846879951042403 -0.2958518250024477 4.751434325677021
-2.3868939868215597 -0.3301457447466871 4.916196822595624
-2.702654508775299 -0.25786640621221574 4.975557303248401
-2.928208540809991 -0.37837956493433433 5.122980213581678
-3.3206474239966783 -0.37562452277621833 5.200458717805331
-3.577054225180138 -0.3753235467580986 5.412568626332632
-3.983207310951648 -0.3532508709975481 5.477805513923917
-4.294355205307902 -0.4507585212678286 5.437862066444392
-4.677021849966773 -0.38851839856328163 5.462277507780781
-5.097951529398109 -0.2576014565611351 5.53346429896105
-5.402789663774554 -0.4114713189802429 5.50649740398632
-5.788380377464684 -0.4347159560565361 5.615491849899144
-6.179846365901019 -0.3994696395279863 5.63439908843935
-6.732703071399161 -0.44881742035689387 5.519628710566367
-7.2134797892373115 -0.4445996255674025 5.515739364158885
-7.537184351991142 -0.46444939430436105 5.628545135227521
-8.130909465369974 -0.3847263640325096 5.624644097460935
-8.583723773542104 -0.3792032025826666 5.475802753800583
-9.139584925624455 -0.4462957234727487 5.415463960786375
-9.639146051934578 -0.4223838457486418 5.394426466696908
-10.14637535497685 -0.4301996125890002 5.310629852256829
-10.709026559893402 -0.42686688564745995 5.236616308394216
-11.245745238419678 -0.4375875643477306 5.224937699850527
-11.905294607762071 -0.44500313821448295 5.117036417416469
-12.53061628068865 -0.4686725910799012 5.032152563628363
-13.114829010951956 -0.4753797767460438 4.8944527650855365
-13.826623038102133 -0.4369951138514421 4.912478384067774
-14.463699592785568 -0.41859956254643416 4.782286006360469
-15.129486062401158 -0.4298746153783545 4.676269847392353
-15.801838500425154 -0.39159561727605074 4.602103075096669
-16.425250715798626 -0.41309049742281645 4.408279019833273
-17.174256348549203 -0.42429565057065216 4.362921603855029
-17.883305792521227 -0.40224220706746844 4.328104617378884
-18.684929415166597 -0.3981162460792309 4.202762967248503
-19.48075940388554 -0.39439790176206524 4.1555812856664565
-20.27243340283266 -0.30850896171308184 4.028073721770855
-21.059917387907383 -0.29673876652588294 3.9708946929028937
-21.876444383270385 -0.28322031103632517 3.9217565487615733
-22.652270087620344 -0.3218234870187136 3.8063972083624718
-23.502081385006893 -0.3056487345285633 3.7134064053672007
-24.310365456188816 -0.24950509692848666 3.6171680509063435
-25.11701536470025 -0.1898329247498599 3.526842316400895
-25.951418010890176 -0.20625494043338924 3.367299089615014
-26.75692860515543 -0.19639032549260704 3.2912029969141745
-27.66757710840801 -0.16551808088918518 3.1951283652389764
-28.445020265036035 -0.13786488203557395 3.0046401276762067
-29.278121157695903 -0.08956605370327186 2.879484597460058
-30.176034406917047 -0.05876167705737734 2.759879502267415
-31.02538724250048 -0.0611520936203232 2.7434684259705966
-31.86343062165646 -0.03384720743524877 2.516578434390183
-32.735267729122256 -0.011094788522446941 2.3997189778608194
-33.61717840790516 0.0018873613358619812 2.223753586619714
-34.458196028626105 0.015693299396984606 2.100134753326719
-35.28616351446854 0.03385764398210206 1.9457683035480287
-36.19377706894039 0.05459293067976395 1.806331664209079
-36.97882564703619 0.07764850250633432 1.620848253097551
-37.93824062328113 0.08581751114146835 1.475365208844603
-38.77779831275777 0.09619215376931572 1.3281612583757534
-39.660996512656354 0.12664741436990606 1.1505984750936822
-40.4759249732447 0.13811735352695093 0.8562480057929767
-41.277093046901385 0.14397347669107236 0.6772147853806842
-42.078271645356466 0.18028022516732317 0.5569164415921248
-42.97632938751546 0.17380332055221803 0.4970009428548348
-43.845755632362085 0.18533770571414424 0.44392917296046297
-44.69397727921295 0.18052963696791086 0.34710544419320943
-45.52849613356418 0.16833403911504147 0.2874593360829173
-46.34411700384084 0.16379803175323682 0.19794942498389878
-47.21820120618168 0.18584348849314658 0.072393381531621
-48.03592933227126 0.18662194139741373 -0.011718661828417742
-48.84510760548838 0.16360086842823976 -0.08360086343294637
-49.74885903200902 0.20449253914878984 -0.16467623453950153
-50.525665236772795 0.1623896664311365 -0.20930186233456916
-51.236952780670954 0.17884051050197508 -0.3641381876553127
-52.01597550316072 0.17675342161246577 -0.3336487636546581
-52.89700210956033 0.1507772767492188 -0.39514377361957487
-53.54271980061049 0.1491118975667931 -0.5687987688933795
-54.34240881612502 0.1407557860148187 -0.5886800920385937
-55.17008023408337 0.1404923724256606 -0.5779144629571473
-55.89897058979056 0.12449628954794906 -0.5391396470827552
-56.606795129860174 0.11718273721624844 -0.6724554559374125
-57.36281979540361 0.10655040151804823 -0.659207685147349
-58.070124289519356 0.12303959205957077 -0.7027618085496727
-58.77911273058565 0.11578892593570683 -0.7017984143116387
-59.47507833000046 0.12408467735054368 -0.7120499566969714
-60.05350358645653 0.1322848123116987 -0.7130251194954136
-60.75746767032683 0.11180896221585274 -0.7510037920400359
-61.49450457035463 0.11786281118324143 -0.751344177595529
-62.10948640979751 0.12532188179473652 -0.7076193565793567
-62.71060133027423 0.1273187995169524 -0.6995382721561223
-63.40625628105431 0.13816452005227958 -0.7530121575866526
-63.98696247876241 0.12568928472460422 -0.7216957839927907
-64.55708224505193 0.14746538107180457 -0.5986775367803876
-65.01363479167499 0.09316610007282454 -0.5657399234575996
-65.50664208610841 0.2282757753887103 -0.519900793120728
-65.92313148496923 0.21503169620667384 -0.4517684264143911
-66.30957574970923 0.19043311953469763 -0.4526188508713449
-66.70391632083073 0.18988163890742044 -0.27917742626453207
-67.18483767328337 0.27710995840228525 -0.16695032730054737
-67.58706748023724 0.21253069922150025 0.011019753524656117
-68.02098189157952 0.13142925262692612 0.1665640545932806
-68.41515515463887 0.27337605457263453 0.3663415341998476
-68.80705087743561 0.271153816616168 0.5054767410359171
-69.1302157828214 0.24590538055979858 0.6949701757771467
-69.45097013358493 0.29532420935854625 1.0722129498583464
-69.81578757250196 0.2738480712124577 1.3590726294526938
-70.10737058208124 0.25485829262865733 1.4298994232073068
-70.3488903258132 0.20254891121553595 1.818069958087198
-70.75849233655543 0.18760101878769436 2.1824662823622725
-71.04301342099008 0.20960893778423065 2.5888318824204544
-71.23457792443769 0.13290928840723915 2.9588054334481253
-71.55997605702696 0.14687369625988644 3.3945061517539297
-71.85112454717164 0.11545400122359434 3.8450076528846484
-72.09102938645712 0.12415108870288383 4.250236859403072
-72.21622537086701 0.08874204834636285 4.802041034128636
-72.41462651711929 0.09090530163157745 5.3517892165526195
-72.69276647998012 0.08629099706634202 5.844305094919527
-72.7073646140055 0.06203727564612971 6.444337411514115
-72.86410428923983 -0.003425257310592067 7.028591802139767
-73.06130356300439 -0.004105170289749049 7.616780587346865
-73.24098541696829 -0.02061949832586424 8.153066152680433
-73.39906776271437 -0.07590855615901548 8.773175296132122
-73.4413529527018 -0.07865020595423722 9.417122813255856
-73.65647097448058 -0.09185867110681434 10.069930594184955
-73.72866483691924 -0.10228344551375157 10.765591483207295
-73.92026796918447 -0.08587449721990456 11.421013364627685
-74.01373327336296 -0.10572509512527736 12.117387125530323
-74.18379402210716 -0.1262115893719865 12.811451700817729
-74.40129190789631 -0.16892413536905754 13.493899742467892
-74.53059909167021 -0.16286320237281016 14.21157331196201
-74.67352677084457 -0.14451564509493622 14.940731660740816
-74.78916087446937 -0.1572129945883263 15.617260741943115
-74.92431600664682 -0.21319638233301935 16.37379084305648
-75.04650265663874 -0.19119450248745828 17.10658463590473
-75.18609009176129 -0.21434565371381134 17.741341572999545
-75.31661936159527 -0.21978659914436693 18.499661317382532
-75.37220260493625 -0.2434704528666412 19.27237422075054
-75.49627426223942 -0.24529228574270118 19.97286592255733
-75.66385830478534 -0.21397718259377005 20.617536598050915
-75.77731529845629 -0.28111304266572607 21.35505850535852
-75.83306654771691 -0.2349722272224947 22.095361476661434
-75.91598249025691 -0.2812743214098041 22.841004946406834
-75.98098974504097 -0.271788477670229 23.525764932800737
-76.08321565550528 -0.29669693847576023 24.29030794160424
-76.16342046009314 -0.31789482339340014 25.05105350337854
-76.2535715201193 -0.3237915058653542 25.80727365807551
-76.31160312699043 -0.3367755062199509 26.540461248700865
-76.40182988796538 -0.3436743872905367 27.254133305424347
-76.43753631252554 -0.3361983238463115 27.967883482351034
-76.5287198617389 -0.34391687914032626 28.801750369646733
-76.54322716119798 -0.36168252776306337 29.58847713513866
-76.60685453889225 -0.368897370957718 30.29564112661167
-76.68691684106986 -0.38577989757455683 31.01736057687622
-76.78788837574297 -0.38383191920280846 31.8614111644372
-76.82638297757488 -0.4418598184695941 32.64772841851956
-76.88744129602973 -0.44619745983545056 33.46535617903857
-76.92308267121476 -0.46582858809866057 34.316471560549076
-77.01083396984708 -0.49180255407072854 35.15824052659458
-77.09281385743735 -0.5044385839395747 35.93718779183943
-77.17939779364943 -0.5422533832639453 36.77452076654914
-77.21888334590106 -0.5414826127171966 37.61697229338836
-77.29721320712892 -0.5873028340036368 38.446474727386175
-77.3031116753957 -0.621230039236183 39.28289988315207
-77.38521742618686 -0.6215538106985286 40.05706271168451
-77.50184479362815 -0.6806698098202663 40.97904418344826
-77.57411659337343 -0.6713778281089577 41.808239732975466
-77.58670228551279 -0.6813518504007032 42.610771659352466
-77.71541064932757 -0.703685703379441 43.55858065460282
-77.79841219643191 -0.7131134509571153 44.322741741519636
-77.89577272599452 -0.7462958751151709 45.169577194010905
-77.95916172461891 -0.7489195305160887 46.016180509859076
-78.057932758288 -0.8122115532854222 46.81833758166769
-78.15630350436086 -0.8215005164592799 47.69920087691993
-78.26963863010074 -0.8611369077175497 48.52553845253368
-78.3788234896483 -0.8951153918235555 49.384156882074464
-78.54006370107587 -0.9387663270608566 50.2765910346928
-78.6326165659429 -0.9621203042420161 51.073848406731074
-78.84232143535357 -0.990749984975775 51.98411354400926
-78.99521806484235 -1.0033718604754382 52.829134735467306
-79.10172201423822 -1.0489143871387423 53.71657157987563
-79.28814845775088 -1.0512796740435173 54.58704152272972
-79.45210446918583 -1.052149755046193 55.39069774091434
-79.63843728254409 -1.0800697764475335 56.27572996979508
-79.72099896690264 -1.1390991708329143 56.93509515981409
-79.73826534242197 -1.169306595370546 57.552349513464755
-79.82611410593472 -1.171871321089011 58.204286236418994
-79.86258332398795 -1.2500203997018422 58.84861299461762
-79.94619075310928 -1.3089567622718696 59.539936774312444
-80.10294045483933 -1.3280465873579113 60.07380142681357
-80.22821250272713 -1.3910058062449226 60.70634273437328
-80.31362420514978 -1.3350132779915587 61.330943576458466
-80.45381625064151 -1.3815534414565724 61.94517556538416
-80.53413899361875 -1.4792369574380322 62.517631634415245
-80.65795188070668 -1.4653921417784073 63.126560808463424
-80.89239787779931 -1.4841141797501805 63.77191626684538
-81.03902044424635 -1.5162362390731337 64.37390436186134
-81.17958386955375 -1.535518410934818 64.92664847053534
-81.37346447335652 -1.527912052279134 65.57670355169778
-81.5607227914402 -1.5502503088444413 66.10873603291815
-81.81281780643377 -1.5768189345102752 66.68716129436712
-81.99493332280191 -1.6240644144256093 67.24906419247796
-82.16446281940412 -1.6300990391477277 67.78086531505024
-82.36986338311029 -1.6861634788581612 68.35497341763718
-82.55189035920299 -1.724724582347616 68.87993913950439
-82.79842721060201 -1.7428349293367185 69.37520643744404
-82.99777721359554 -1.773863493059186 69.85150990277631
-83.25257045112625 -1.8297496163112155 70.40634836324597
-83.43248815025403 -1.8310900189290202 70.87469584330077
-83.6933071804315 -1.8378734837407007 71.37060012181527
-83.89291822086273 -1.880271447156662 71.78316387098647
-84.16974791442337 -1.8652844358389224 72.27135250913727
-84.4258674681507 -1.912822540035037 72.6964437186358
-84.6192226056546 -1.9361552340608992 73.22837114845338
-84.89131223034394 -1.8994248454071476 73.89947546573137
-85.03040124719476 -1.9619747192401018 74.58572548439378
-85.29606943613975 -1.9583320787747491 75.23174616773886
-85.41240376634435 -1.961887294680326 75.95108499316024
-85.68988226735846 -1.980549408636197 76.6979608707253
-85.94063984863344 -2.023788829536189 77.22116058669943
-86.25531304639436 -1.9572203541817 77.93234747023436
-86.51177870535811 -1.8558693144812526 78.6006260748981
-86.77265005254243 -1.998415504739658 79.22712574461544
-87.02742294912926 -2.0359646760270658 79.9400105443568
-87.26364861582778 -1.9818246646773925 80.62078849640699
-87.69032349155341 -2.0509772896130958 81.20148713323522
-87.98003044804868 -2.0455412131721937 81.88357535257788
-88.14932398864711 -2.0497620259493985 82.58564532254553
-88.51261468886074 -1.9958877688380732 83.27550301738182
-88.84053152368793 -2.0028210520798413 83.83324079422026
-89.280184395428 -2.054342057246486 84.48645731867215
-89.63655205173137 -2.0513960111288467 85.16538462159316
-90.00985112343984 -2.0333905811403525 85.7903339864857
-90.34974342694608 -2.044191414654466 86.38377348108385
-90.68680174387649 -2.0554622254010595 87.06425573689751
-91.19494139138638 -2.0488440947732083 87.75387405986892
-91.6044142983003 -2.053395488003427 88.37670781555616
-92.03179053556099 -2.0302714354510893 89.01297369209736
-92.42551259927585 -2.0359728291691033 89.73717844426494
-92.84424501441785 -2.023182204355318 90.39663448033149
-93.30450595337815 -2.019795481070005 91.0059783162335
-93.63941344782084 -1.968724949292027 91.67349748649625
-94.10476129045276 -1.9963261129300705 92.34242571186248
-94.57231101738576 -2.007685763087932 93.1034513758417
-94.98372368602014 -1.969025004242434 93.65661167002611
-95.24286910283746 -2.089745237456747 94.25593092471372
-95.61396252597588 -2.100632322042911 94.83516886078266
-95.85245328627587 -2.128153497461454 95.47495780284379
-96.25626740927602 -2.147091834418977 96.06252536598434
-96.63684699834927 -2.218423178663147 96.51525840530275
-96.99431614496751 -2.1680792192758775 97.070900714102
-97.36139535560496 -2.09173365819855 97.66918526650801
-97.67773617347834 -2.2142884096944186 98.15646117301362
-97.9999657949266 -2.2691157470511185 98.77411328624274
-98.31228904513051 -2.237677267932199 99.293361827279
-98.76189290915543 -2.279592172445129 99.72543092079013
-99.13150675015328 -2.2790739211694286 100.22601806602523
-99.30713005939393 -2.2956774623066103 100.7727750530794
-99.70872437866215 -2.2732138936808393 101.28356184641834
-100.04662776609521 -2.234400627092104 101.63124078823448
-100.44397433869015 -2.2984177750439225 102.04442662310841
-100.75402520618535 -2.2734619530476694 102.51300371007055
-101.05548728267281 -2.334834550031167 102.87886108492158
-101.34053543537341 -2.306976501387499 103.24060466572476
-101.65360742775339 -2.3336704151873935 103.67169488742766
-102.02524540583349 -2.33589936974268 104.08165841204301
-102.33415526921692 -2.3663794526167883 104.36200898128573
-102.69050039612623 -2.3842957075275537 104.75979052949269
-103.00725018441867 -2.353124662696751 105.13452760176556
-103.31088915560805 -2.3407559087612544 105.43296548463994
-103.60756041649202 -2.36447999732908 105.7483756227256
-103.85578596807703 -2.349935387577966 106.1035666641941
-104.16779567362948 -2.375674114070781 106.40052860648994
-104.42359396996387 -2.3871283579659037 106.7606558792839
-105.1252979027268 -2.369331752624135 107.66034566592168
-105.6578034617032 -2.421269840249074 108.70207844575835
-106.33863983450645 -2.406141623788662 109.64116411293689
-106.92955646865798 -2.4081028511572993 110.66950752909138
-107.57975675370925 -2.415319757581272 111.72759667838177
-108.23073172187155 -2.449533623047932 112.58640469239486
-108.81166100538798 -2.438053396030748 113.59202176262066
-109.42300597689439 -2.355268630441732 114.56921083522013
-109.94921068678141 -2.3934978015881994 115.4815039956043
-110.55346428199316 -2.4172676363574794 116.51494072784
-111.0448316438179 -2.3516994158060545 117.50876833401605
-111.70669350843116 -2.4078557549137574 118.44560175152341
-112.28091574185123 -2.3626376971047858 119.4076676698933
-112.76748167593529 -2.3639906669192627 120.38411137952136
-113.35716640803479 -2.2949088658149748 121.36683327631526
-113.90802334356786 -2.249895088811883 122.233646776185
-114.56947590829797 -2.31023349712328 123.1214636167424
-115.03534737352801 -2.2706447654523068 124.07618578507186
-115.5870726342046 -2.2748415231636328 124.98510978221212
-116.1266639555749 -2.2413348222566443 125.91115582626507
-116.70736703144473 -2.2580836158631232 126.75394274092415
-117.19229422091392 -2.244520742717145 127.63858138323488
-117.78268929601501 -2.2425732181167692 128.52950492695658
-118.3711857106255 -2.2520872039009454 129.36098034997644
-118.81231223284927 -2.203097809406051 130.19657115401574
-119.38529363033875 -2.192012298348172 131.04268697946415
-119.91765285092895 -2.1993511621272472 131.8988658030052
-120.42821049507053 -2.1639567818876366 132.6684643482624
-120.99348493404503 -2.1648471352852363 133.47524848770826
-121.59155841288806 -2.1773996617456275 134.36429648158412
-121.95138658887174 -2.0753224770409457 134.21680559168053
-122.27050694682886 -2.2243857364659188 134.2724454174861
-122.62214949909371 -2.1684138903464367 134.13286611732352
-122.99763724546739 -2.1618145702213973 134.23968341149052
-123.45880799619829 -2.189324487445018 134.08208081781225
-123.73699838891311 -2.268264559374112 133.81131605974065
-124.1473263742007 -2.1649134439833886 133.6110331907326
-124.54140180880258 -2.006919311530169 133.4325936323831
-124.79597725705337 -2.1956304194938325 133.21183022917356
-125.20855046581336 -2.2399192212832952 133.078100344429
-125.55084293066129 -2.1452537341096374 132.85260515091142
-126.03645164214423 -2.2042267167528093 132.34182408780964
-126.49733125132737 -2.179408888555167 132.02186391863617
-126.77632745837293 -2.1905934020896476 131.96806900522066
-127.40838148058484 -2.101932069254306 131.55776444925408
-127.66963510940097 -2.0681853001412556 131.0129464511649
-128.13583136065046 -2.1537131780296415 130.52914471347862
-128.6059185591948 -2.0988420693861203 130.12460391188364
-128.9616856284542 -2.149571429662317 129.63839631908004
-129.36636489833245 -2.0968085244027663 129.1747437292736
-129.80835275955138 -2.123507369379875 128.7315051588393
-130.34074459305444 -2.110721646324361 128.11591174218623
-130.76655999464444 -2.116408105847284 127.54312930159728
-131.1970007672665 -2.150099485958591 126.93642607769388
-131.8278051176875 -2.1027888663397127 126.42170232418368
-132.22456488567587 -2.056163165198298 125.8197085746873
-132.6966442383797 -2.083534599805732 125.16950685530486
-133.16749770035582 -2.0356877220832543 124.60900653875663
-133.58663950897508 -2.0377653965046925 123.97084774301192
-134.08239860800313 -2.0367942810271344 123.35651338359921
-134.74483981171937 -2.0118325177839274 122.76304735529393
-135.4802803919721 -1.9585948978627385 122.19424718386188
-136.18303650690348 -1.9447001641002728 121.57782837037469
-136.90603868220072 -1.913250293359562 120.95886265435189
-137.67388049611424 -1.8953112918071595 120.34974993870922
-138.36489738921892 -1.9126145426018706 119.71179344756894
-139.11985843629952 -1.8798197813009312 119.0758027526499
-139.92052005356823 -1.8363061446188689 118.4209032481319
-140.58221419923532 -1.8147033741090366 117.8435572192225
-141.3439811401048 -1.8062961355158442 117.24837982676134
-142.11808584202055 -1.7663178111964815 116.64965923597798
-142.83679015303727 -1.7881817808688298 115.90712782401864
-143.56207844584426 -1.7595684973263417 115.31475791332987
-144.37235684345384 -1.7299140389775753 114.74673610509613
-145.14593548081672 -1.6954897179566146 114.03129007920695
-145.77612311663464 -1.66776295290353 113.41039341236281
-146.4953016292672 -1.6897166341629217 112.74063606341667
-147.26367699778731 -1.6485105002778289 112.11365517318436
-147.96582057710665 -1.6498731253926286 111.48660375564046
-148.7593087511902 -1.635418313276932 110.83396094208555
-149.43534574862048 -1.623995548727629 110.17816879116543
-150.16451847723724 -1.6113310702494714 109.5397346177746
-150.95010320909296 -1.6099751305870966 108.81745736908505
-151.67334552758044 -1.591273089732524 108.17820472821126
-152.33138684778547 -1.5918503438308296 107.503324380742
-153.0419238626974 -1.5702476711527882 106.81632100020724
-153.836924125055 -1.56979461383317 106.14639686534889
-154.52766758613348 -1.5510993395106827 105.52111046299628
-155.22464488992128 -1.5475973768390725 104.86158255050532
-155.90241437288987 -1.5438756438965258 104.12423870092054
-156.62751897151617 -1.531817783704538 103.4976675006327
-157.38872979267677 -1.4698016322281815 102.88606036664487
-158.10694260786897 -1.4383168860160689 102.23506976520457
-158.84754413368472 -1.4342298367724822 101.58752453072458
-159.6332546253791 -1.411256000351848 100.95810185326258
-160.3378418136141 -1.3993761566713947 100.24954910900827
-161.0914092468926 -1.3591002837008264 99.615674992886
-161.87718714543638 -1.3163872606243794 98.92947128817167
-162.6191610051382 -1.2296771751758244 98.28929796663881
-163.3560695098171 -1.2457285686385506 97.65289324274049
-164.07193598773284 -1.1712322175014438 97.00923360130045
-164.8007191698871 -1.1239809941416095 96.37576429786762
-165.58285917245837 -1.1053604798799368 95.70558122441096
-166.25889219854352 -1.0863728998148152 95.03193449516837
-166.95962871878535 -1.0394393386333634 94.41300501828313
-167.72474994160393 -0.9981666297656512 93.74976372644846
-168.45348110480106 -0.9904269002216004 93.1432448190782
-169.19207840472504 -0.93976639740985 92.55301676866071
-169.92719311167656 -0.9333125204254709 91.97923881020836
-170.65639871560828 -0.9041729675551964 91.33976535474214
-171.29429703997272 -0.8698161299759366 90.73082234646284
-172.01658596968304 -0.8398999356829705 90.23022358035252
-172.71805177686414 -0.8106623619411102 89.62849450081924
-173.40966894907297 -0.7856618642613831 88.99968908660831
-174.03573629545494 -0.7471824870994275 88.50642634039106
-174.69181818168028 -0.7135124555262613 87.96717563294511
-175.4655771577157 -0.6949753585960655 87.33643230955771
-176.155478445017 -0.6629867740468841 86.78091165735883
-176.77244494886799 -0.6244614799926105 86.22445166751547
-177.4142036164405 -0.5911170312716718 85.66020995649153
-178.1212612849555 -0.581770327241511 85.0346371912941
-178.84457304057622 -0.5622801280277783 84.46737355892368
-179.52770420453137 -0.517799852516709 83.8818496891282
-180.23421608519723 -0.5223850909789866 83.32585737047036
-180.9107532557474 -0.49184402091088353 82.74913042584578
-181.4774968676673 -0.5356289534875928 82.14473901590665
-182.11920456969344 -0.5119997667430229 81.56972367917004
-182.82304864954435 -0.4619061683704205 80.97687231553215
-183.4230346890371 -0.42432441661884324 80.49310816015597
-184.10731430933566 -0.4853852526061429 79.93622772814895
-184.6598741278267 -0.4104361640827422 79.39342462723539
-185.31599258390088 -0.42561416766782784 78.8685103968628
-185.9277948631664 -0.4269208069535454 78.36206138183849
-186.48722375887382 -0.4284261486607568 77.78757315796778
-187.08750210365955 -0.38116770986447646 77.3059627806382
-187.72493317792038 -0.3419299717060042 76.78060505239702
-188.33505396706772 -0.37524369573392136 76.27654898695705
-188.89889158493642 -0.35736801063429846 75.80578317524669
-189.53958857006987 -0.3759836055163156 75.33583166742525
-190.13047734624138 -0.3387905689866316 74.84300708893598
-190.6931002551659 -0.35028765353052294 74.35690101607447
-191.25203951962868 -0.3402258730012937 73.95484750413651
-191.81397492793602 -0.3346408290058617 73.5268727902111
-192.3748839933496 -0.314357644348074 73.04238549646588
-192.8500599210477 -0.30938295349497946 72.69869914784728
-193.41591863612476 -0.28132212018973335 72.26327607650123
-194.0129047580505 -0.2816015291872589 71.80142808253711
-194.53478266208123 -0.24121967672445999 71.31862682244353
-195.04459680846907 -0.23887369703070094 70.87081070090753
-195.58510877419883 -0.2380570151005108 70.43541342954205
-195.81482424100892 -0.1969691676102213 70.02107788469137
-196.13524648778863 -0.2108325512199227 69.75758034045879
-196.39277404784312 -0.17064859818270947 69.37195796349751
-196.7434172164372 -0.1386497639529682 69.03647119038395
-197.04560883961466 -0.10917985207557837 68.56749854040049
-197.17818016400582 -0.13881821777776185 68.16359867522088
-197.41788246298492 -0.11779944929650266 67.7479576759086
-197.6270035458246 -0.02451800877679433 67.31799267929264
-197.86141525738037 -0.1007782631165361 66.90128809258633
-198.1079847238531 -0.09229591704440865 66.52616532499351
-198.2854073949747 -0.059690966894781705 66.06936963170794
-198.38784734703822 -0.09112587263186347 65.56793004976102
-198.58354015298622 -0.04567022236742313 65.01814663838411
-198.77003500690762 -0.05229307457015184 64.65341093004797
-198.9927946094663 0.004207447099066869 64.0888643745132
-199.02295870169422 0.029544460203598633 63.63213238063415
-199.12293873013502 -0.02080635493445243 63.13133669522857
-199.21680184206764 0.008783660297890794 62.57991230894615
-199.23575568492393 -0.018088444086760996 62.130680667773156
-199.2934725128959 0.012186545848014207 61.60718481275798
-199.37187619056428 -0.015745718689865545 61.13751596739675
-199.36536243891317 -0.0205686502698047 60.57204035873971
-199.31460384680176 -0.05598687256060375 60.019873795766735
-199.27039677570653 -0.0789748711997057 59.4745382416773
-199.2683603873974 -0.054715155992989095 58.90500888434141
-199.2085987980689 -0.06655691295772143 58.38234007270462
-199.13767123339966 -0.10107169659712384 57.83922600373727
-199.07226115929498 -0.0872794326251568 57.284360971892255
-198.9803111790631 -0.09098829697243999 56.70301526932088
-198.91014885499573 -0.12236468126231259 56.08496051387673
-198.5665643728578 -0.12944878424201645 55.68548361044493
-198.37427549892274 -0.11796253348296239 55.22824338600201
-198.01679579185887 -0.11537475523558771 54.84345718748586
-197.7435178812543 -0.14497167369400743 54.33339780014707
-197.3897546886631 -0.17418732025519884 53.82546089541875
-196.98641273783025 -0.18514661307311542 53.469632249214584
-196.61608012425523 -0.15876506353198805 52.987229760490195
-196.225551061805 -0.09350483595833574 52.51757734188271
-195.90184889606252 -0.14740096593825283 52.082137081254864
-195.57158242477516 -0.1758808219770301 51.592182432451594
-195.20524656074105 -0.12616049447164063 51.12870398569592
-194.77165262784297 -0.138211672346924 50.65857274135751
-194.3612370529883 -0.13082652624596122 50.15403480737554
-194.069956956885 -0.13640031425218113 49.6250270352743
-193.60729895027728 -0.09154749147599223 49.037112026159335
-193.25409887085013 -0.05795951472096922 48.61223912323878
-192.82319003817557 -0.13180466389280504 48.09190933341797
-192.37708728501272 -0.09217861841971342 47.55311193298535
-192.02031649421772 -0.13333008060351975 47.02421049458116
-191.62510590670323 -0.09356939870435421 46.44708655427503
-191.2557507643322 -0.10031381279389562 45.906161971130246
-190.80340543951837 -0.10192006277767368 45.35279030966561
-190.38601792281474 -0.09762538265606702 44.80812293949482
-189.90773123706558 -0.12098985303095877 44.19002600938299
-189.47182550676442 -0.09425489612476651 43.55744451398833
-189.0977521815171 -0.07798503247479854 42.9798279852691
-188.65691411792668 -0.09240881959867175 42.351507619974925
-188.31078329258668 -0.052500111303209196 41.66551279293073
-187.9258106590735 -0.0813367999502349 41.048872210274965
-187.4864056487633 -0.05578167566045111 40.38811037827406
-186.82213551685598 -0.03587174194109953 39.72082403344823
-186.28800316822057 -0.091851301338673 38.980609456615106
-185.65286435060085 -0.08758640263523539 38.32138124781594
-185.09678637296702 -0.08549266678980125 37.58697499531724
-184.45238916205 -0.08477482498474886 36.8959283064445
-183.81464438546422 -0.14592992127322382 36.33044625735494
-183.18540947950552 -0.16834891176957642 35.658021830729325
-182.5611440656401 -0.0735606585323513 34.96581362440482
-181.96051903935012 -0.12079509256344623 34.361439017225834
-181.31194012663286 -0.1697499533491576 33.64751649780142
-180.73285965385492 -0.15010161331766675 33.03468561136131
-180.00513929640744 -0.19582611547468548 32.4414031485086
-179.35096715331127 -0.19439373374371122 31.78848626285543
-178.76951532026808 -0.19363655956044382 31.134924941256315
-178.05838992970806 -0.1795181316853631 30.46010936843276
-177.4040488165761 -0.17320689152344648 29.908876401917126
-176.72265072157657 -0.2382033375318558 29.293167751234392
-176.13057936046465 -0.18517553928726266 28.620489846334074
-175.45952598222516 -0.23796598243257827 27.989903155747825
-174.80551938936867 -0.2286403445494819 27.40632193664608
-174.10416030836768 -0.25813361443403665 26.77831723946033
-173.45075615641338 -0.25904313203198387 26.1298316607895
-172.7763483491237 -0.28539469184555605 25.52916481818572
-172.0841157512155 -0.2935196723197574 24.930627617666524
-171.43842289057582 -0.28638836736046136 24.307624805917666
-170.74877839936735 -0.26480967411771844 23.73018679046199
-170.06996274344968 -0.2928881326136095 23.12227594585998
-169.40306667944375 -0.2896916467830176 22.47782466352983
-168.67360510805494 -0.2846216753880377 21.93670074732119
-167.99980491554894 -0.30527043085233274 21.278974928521666
-167.5664079698266 -0.32185134570238894 20.57482191502605
-167.22874799298413 -0.23308556926989857 19.826482742842042
-166.83517326444957 -0.24254620058319276 19.102247418656724
-166.45666071192667 -0.24780703878597027 18.369085581274888
-166.17386783386627 -0.23530356569892472 17.571275968271095
-165.81835663164418 -0.22432710508440437 16.880123424436942
-165.50824264650936 -0.2371793466718644 16.126064688295635
-165.2040434541987 -0.2252510402460188 15.328511330422664
-164.93339643640894 -0.1719483777255208 14.563289417995815
-164.71403088444703 -0.18064439425394246 13.83771306112066
-164.4971524470989 -0.10273072446527787 13.041001703725668
-164.2370491461983 -0.12233117852799003 12.292883975695293
-163.99089640755003 -0.1128877206334502 11.495473974737802
-163.82824872674982 -0.09829036830234827 10.727626710027968
-163.5808703322132 -0.042444603279140625 9.92499817247187
-163.35006748443425 -0.03370472510365552 9.210644468940487
-163.1772229161879 -0.05618087781900477 8.403148452364483
-163.00894185775658 -0.007203820967260133 7.592926348604273
-162.94210292612004 -0.018220876478686976 6.859771810002075
-162.73526271188882 0.01641850024159841 6.001734953216493
-162.5917112028815 0.029275503232511824 5.272405753903612
-162.53296689243453 0.05262646463368825 4.493938816457781
-162.37771852507532 0.07458758275249894 3.6808823574923295
-162.18772576265997 0.05844144872859408 2.871764734113192
-162.15153241057507 0.10047495815924107 2.1350302598206774
-162.0652925393713 0.13375678406597075 1.3819045303090896
-161.95242164513496 0.12613440746441779 0.5299369292270306
-161.9358421762592 0.18476071395853455 -0.3209859197407745
-161.9135238652756 0.19214367748933725 -1.0663286724672894
-161.76863716748983 0.20027836615332062 -1.8676375316864302
-161.69044190697971 0.2319500363247297 -2.764566524056733
-161.59613673531496 0.25363092855058544 -3.6815313367626485
-161.46838301944842 0.2931008401624247 -4.612340461356387
-161.40289291058858 0.2945286423478662 -5.552271667881435
-161.3147931471029 0.30602336691157367 -6.520771829827256
-161.1245821151408 0.3154919292217086 -7.3839075526911735
-160.99944867970223 0.3318863562460387 -8.327921904869816
-160.88730390428685 0.384626640379211 -9.295288226548845
-160.78632236023 0.4054739290952469 -10.172273846921291
-160.67721326632392 0.3681094955660222 -11.121904386970622
-160.54840693236252 0.4528410593175249 -12.02423659769666
-160.3903402750911 0.4614029035882907 -12.961529612570896
-160.2593016210989 0.4763829891588114 -13.928071598237997
-160.13447869965538 0.4907442267436963 -14.789218382562142
-159.98860646933394 0.544332299584702 -15.747801010395007
-159.7918847012149 0.5648455371608677 -16.65447643450039
-159.64193110522314 0.5634638936619294 -17.59672388472739
-159.4871437701804 0.5701692368231304 -18.5168669518227
-159.35838942326342 0.5823731343112875 -19.456875477306514
-159.19058181778135 0.6132828418170797 -20.393521863276742
-159.02071979748408 0.629956643054232 -21.29886568657538
-158.87845942280978 0.6616865368202638 -22.1857863198052
-158.71083148128074 0.6597705749823302 -23.103526874172164
-158.48859449073348 0.6641285800505894 -24.029042215548177
-158.3744023368427 0.7080627605247897 -24.85445719127883
-158.16400804996601 0.7372526605965298 -25.74359064479743
-158.0092338713753 0.7416287628584689 -26.666232110534878
-157.83044579170542 0.7683105404136658 -27.53859494773815
-157.6301689629154 0.7857206202258877 -28.38120654627876
-157.45669872404133 0.7886780548289007 -29.280844744820406
-157.3711776754362 0.7849774884773149 -30.277853437951705
-157.31676789617177 0.7852134118928692 -31.278080345329098
-157.19820449129747 0.8017479011176702 -32.272466091734564
-157.11987868500384 0.8188469935308467 -33.238756045976146
-157.03741247956802 0.849217329250953 -34.22031371569993
-156.91290163380424 0.826234394877846 -35.18532011143854
-156.81920628196426 0.8347321401743943 -36.147817287551575
-156.7135140872353 0.8381015166564623 -37.12836750344917
-156.5982409996241 0.8603525893705279 -38.04509733169845
-156.51542011452923 0.8167387974926061 -38.97483560458363
-156.42610697256043 0.853582413252706 -39.902539532102914
-156.25947818763777 0.841405063218568 -40.84790294557715
-156.17347436361234 0.841755893121584 -41.71902557435683
-156.0713858206973 0.8338526025090869 -42.6344336705894
-155.95208161925638 0.8666468982599944 -43.50671916147991
-155.85099124920043 0.8631659402625245 -44.39571645358825
-155.71480439043398 0.8397496978253359 -45.26410370262582
-155.6391412547913 0.8354133255550236 -46.107348053180615
-155.50185656489415 0.8511416882436115 -46.95598884460412
-155.41011835746968 0.8578445824083395 -47.80838351228599
-155.27279234660108 0.8499869144572741 -48.599744540647634
-155.15963306905647 0.8683737362473054 -49.41196084244025
-155.06257358383084 0.8661579386975808 -50.202470372953
-155.00540178090296 0.8905789502357716 -51.03334659292892
-154.86190268084104 0.8864101524876709 -51.74161195010988
-154.73144319835734 0.8929005275082763 -52.517993063870065
-154.66322719772936 0.8961763485268528 -53.28160056101733
-154.5884954802525 0.9227731075759906 -54.018370862219236
-154.41977594321844 0.902392903120392 -54.72553823570615
-154.32212826486307 0.9060826374753732 -55.48541077845097
-154.24520915619325 0.8708465247436856 -55.89995872058519
-154.33488646493527 0.9031374234033772 -56.309594605913894
-154.28516538375192 0.8989435004385208 -56.69923740359898
-154.31352053285028 0.8868050488781005 -57.0598061256596
-154.3282857199781 0.9288367684275384 -57.45982091787488
-154.33928365167063 0.8783219055001541 -57.78857329755042
-154.3891476934878 0.9000396148518292 -58.18825431234963
-154.40454962365777 0.8992117641182955 -58.472951326168875
-154.4375666356626 0.8935531372142618 -58.7608103499022
-154.47309968210988 0.8528030687465658 -59.0809482099775
-154.59470859350284 0.8483513566753198 -59.391550673970315
-154.61759722319405 0.8298518886911879 -59.566099529923726
-154.64132688251135 0.8339743309396473 -59.851351529517565
-154.80172137677994 0.8197525010737855 -60.10304397004327
-154.85432973052866 0.8414813302749397 -60.30457173236314
-154.90422319094915 0.8254370093585457 -60.45469242548776
-154.91908601422963 0.7841234800473578 -60.62978937476947
-155.0611921576376 0.7847036994996788 -60.80278252361859
-155.07879433685855 0.7647520702494086 -60.94945078522448
-155.18173936729852 0.778143664240377 -61.062814054554664
-155.25185637270877 0.7664547127648229 -61.19470766818119
-155.31339899751467 0.7551739015933259 -61.33034249900307
-155.3564114805751 0.7568066059945214 -61.38267718538968
-155.44388969764015 0.7229855847490103 -61.46984284986712
-155.51299301018335 0.7089668262580318 -61.59258058715739
-155.60139685949315 0.7067895887553413 -61.621540936403846
-155.63578928341732 0.7078793297233374 -61.664621532044016
-155.81119828453603 0.6926085469970698 -61.74326996532347
-155.8708220754536 0.6991155815035028 -61.71325362892727
-156.03439023214798 0.6697513872436542 -61.773500728703475
-155.9050996391092 0.7239666902563653 -61.705845894490785
-155.9370343471113 0.5935117432285337 -61.66152689133693
-155.88986385463247 0.6447863976332797 -61.59232933015019
-155.95652758791155 0.6472677711555653 -61.54782226343702
-155.88766121788743 0.6752599071927312 -61.50982769823347
-155.80927616526438 0.5851903991077617 -61.34123301954526
-155.78068477081092 0.625721820302046 -61.2967755134102
-155.74836635232987 0.732457768679722 -61.220068856818976
-155.73851813473686 0.631607065492819 -61.074289884731584
-155.80378982248118 0.6006816225003662 -61.02288094581978
-155.76490384568913 0.6272639421829794 -60.902420691892175
-155.65554147537415 0.6075988004322109 -60.8219657488085
-155.62307769746053 0.596152744183474 -60.78786710333482
-155.73410956757016 0.6004919539018635 -60.65452354200722
-155.68655834394184 0.6372705754192481 -60.65963351393912
-155.63763250133658 0.6806328019507885 -60.510370129028175
-155.57700210595965 0.5964679007460989 -60.413875526294284
-155.55675083081164 0.6115057598577309 -60.32766547923964
-155.54423276833884 0.5686783558548237 -60.18882503201425
-155.47737773652335 0.6053690893401835 -60.034481870071865
-155.5145512580547 0.60666494853268 -59.95656118676336
-155.42140125496877 0.6032606601923303 -59.8922931136253
-155.39293746263635 0.6100225091816882 -59.64403297273116
-155.33268335468426 0.5906655519408448 -59.59317918117377
-155.33020458892724 0.6254006703032536 -59.48216672925849
-155.32342442616707 0.66315556891572 -59.31417213036566
-155.25518061865287 0.6457988444641793 -59.126212385818995
-155.29921060098962 0.6896635869591106 -59.02095944762924
-155.247884597637 0.7035479481513949 -58.89260305459008
-155.3238198244075 0.6969535452038537 -58.798858576041816
-155.2702761734721 0.7225723388340753 -58.91326636119845
-155.27301324199632 0.634209465209093 -59.0085163972636
-155.2365164258071 0.7077578827164965 -59.097181775844035
-155.27898385491412 0.6954313930529864 -59.2277978910422
-155.25913212510375 0.7061749847145806 -59.33954244145883
-155.2064749757739 0.6390690554698604 -59.41430971635794
-155.17330806888452 0.6890593481088487 -59.52760987090012
-155.19037301442742 0.7743862674618442 -59.622006007683574
-155.18735931120125 0.6753993179826232 -59.62971503353027
-155.25493496449397 0.6600450968682263 -59.7562501519678
-155.24708806918287 0.6869689768842835 -59.7872456478015
-155.22057791993151 0.6815255154528636 -59.86748598533712
-155.21094314580793 0.6481438074067489 -59.95515993101511
-155.27092070125872 0.6562834608149887 -60.00937796325783
-155.26382536980282 0.6870088888404524 -60.09164900048978
-155.26205505154542 0.6779140383433969 -60.13311164919484
-155.20464412811458 0.6318832397941215 -60.1958843051428
-155.19410454545343 0.6345518318622853 -60.24004711877207
-155.19884605449136 0.6131455308073739 -60.24278751386288
-155.18521974078678 0.6230446912163411 -60.26906054246316
-155.22826752085643 0.6193535983343984 -60.30087640910845
-155.13876199892468 0.605805524161757 -60.345205504379784
-155.11158253875462 0.623959929726981 -60.30126560945975
-155.07983357509673 0.5913860033358301 -60.33846508160178
-155.09155133715413 0.6204803799001426 -60.38247966273942
-155.08920649447475 0.638591725395889 -60.36308999367403
-155.07686375578876 0.6343928314821724 -60.35127824028839
-155.1225433501728 0.6780891804941186 -60.34638038191333
-155.08904753345882 0.6426289093998305 -60.345006851151616
-155.1048357582582 0.6382217200944214 -60.36176298861182
-155.01259472869043 0.6799054590668887 -60.42634913312657
-155.0181144359885 0.625328162336811 -60.473519431443115
-154.95746630459632 0.6298033776075874 -60.52120861555587
-154.98268763266998 0.6535127259039599 -60.61712268143754
-154.94233934559864 0.6336743221100726 -60.71427586936392
-154.86215533273338 0.5744769320358911 -60.693810950769596
-154.79017670438085 0.5919128790247224 -60.77432773951445
-154.75795980262293 0.7089267414353166 -60.81800851310963
-154.72409629105127 0.5835808373317699 -60.82266307988504
-154.7177152030758 0.5558843025835486 -60.91116462273689
-154.69986251910416 0.615601492546467 -61.02587713699977
-154.49912344983414 0.5166830589592613 -61.0427174849068
-154.41284892665536 0.5315617126679042 -61.146851922543526
-154.48092856007685 0.526183348988942 -61.2676944051086
-154.33665329089197 0.6013250642240195 -61.411427148635916
-154.1647957896402 0.5929398279669806 -61.42281926924404
-153.98853947549154 0.483147769044901 -61.53815864142398
-153.9002635866894 0.4903146050986491 -61.67287311368831
-153.78425161829378 0.44531806433995114 -61.7236570208766
-153.63262044765756 0.4786195636859052 -61.851343597085396
-153.51397955227822 0.4465363632557659 -61.98788658037545
-153.30344721461745 0.42498184838888275 -62.124177073923825
-153.0649434927536 0.4218724796079461 -62.30862175661078
-152.87933491597352 0.40892637710252266 -62.3611188355088
-152.6514906787144 0.4093482224272476 -62.54042279921524
-152.4447620665347 0.41353031663739725 -62.683336605404456
-152.19330534987554 0.3745966160998492 -62.865099073310034
-151.91272973132408 0.4434460211389409 -62.979581182900105
-151.6769163260647 0.38117850565498573 -63.11160525807066
-151.3969149158167 0.37643028648667975 -63.2652251931965
-150.96012134453193 0.4423397508216578 -63.434592517975915
-150.6732766555647 0.31995145784268586 -63.71415504080427
-150.19974850071443 0.3242725561275707 -63.890274168448514
-149.83678064404103 0.35042273532616003 -64.24661117646247
-149.26094461898418 0.30952730586438193 -64.49408151349326
-148.80656515306637 0.20516400922442124 -64.50988173646464
-148.21433377694373 0.25172951950834677 -64.66641563984624
-147.59526082534813 0.41920764278794614 -64.87878607149364
-147.10768258975202 0.24815885455886588 -64.91161190043702
-146.51292575833423 0.2240161648999672 -65.13957445303662
-145.92234545007602 0.2822527543590795 -65.2812100196518
-144.96702089224598 0.17788972965998814 -65.28317830284077
-144.2315545795665 0.1812502902506076 -65.38434130805989
-143.67835649106462 0.19512061825154653 -65.62893495413533
-142.7129157896216 0.2607557888994332 -65.76080332135393
-141.91944446971718 0.2608436171559064 -65.6231750399152
-140.96890560572174 0.15339509057179618 -65.63347555728642
-140.08008485004578 0.1933931119710134 -65.7555341486022
-139.25781431566494 0.12518915171571177 -65.73860085981855
-138.29163845495088 0.14788425319131776 -65.80000041401217
-137.3634048481899 0.1216957186758803 -65.84271225162851
-136.34348382948585 0.08871981655371713 -65.8467206212923
-135.27139016732383 0.046072954950797995 -65.89227627393434
-134.18901466726282 -0.010138070081709138 -65.86168144819447
-133.09072123407572 0.0057028789349567455 -65.9755315654299
-131.99104221231863 0.03847171234350383 -65.99113959243351
-130.857649147959 -0.034754547427025495 -66.07956724666799
-129.75631943291634 -0.02138882980922291 -66.10456334255065
-128.59086786190448 -0.05691607816270183 -66.13063849831964
-127.4124261743236 -0.08849563461504173 -66.23543151425197
-126.29226160430161 -0.14963103386141474 -66.1722201336374
-125.18535189152503 -0.1438219951507901 -66.10823486850164
-124.07279757750788 -0.17962246075299543 -65.96213609107484
-122.90466121859735 -0.22316639540460464 -65.88037933068249
-121.75296290382751 -0.27544197397770265 -65.78392276623404
-120.59840126432817 -0.3046808551080792 -65.57668492207183
-119.41672798153175 -0.3408483178215597 -65.44760349072357
-118.21272346072706 -0.4045763655222724 -65.30157412189938
-117.04008273100908 -0.3781595552925707 -65.16452332797158
-115.83960773249157 -0.43854033374824714 -65.05239104541265
-114.68843506169074 -0.43704237196052387 -64.88689774865921
-113.44694446470413 -0.499279537833531 -64.68813552462557
-112.22532211011979 -0.5270923446225955 -64.52788274058412
-111.05033361137379 -0.5679318284480614 -64.34990425258005
-109.76373272924613 -0.5960062035834999 -64.18799116696799
-108.54547372236735 -0.6103925069868202 -63.95255497295903
-107.29676250014863 -0.6674933902802809 -63.78816101014356
-106.05574168412812 -0.696218799444911 -63.60858613209807
-104.80189846189856 -0.7521296343594296 -63.440119313740176
-103.54025214994641 -0.782703856504298 -63.237362002224195
-102.31200173888764 -0.8101185659784907 -63.00902644656551
-101.05431188374487 -0.8576525999342616 -62.81753776890299
-99.81529951739346 -0.9194741190113206 -62.6080847683739
-98.53115380736507 -0.9484714368806452 -62.36870794332517
-97.30394099729583 -0.9953375530457993 -62.144954007156876
-96.10107134007166 -1.0246389241567297 -61.954902409413315
-94.8051122719994 -1.0958425737798185 -61.71885850055758
-93.52148846210861 -1.1538936662887522 -61.4877994367589
-92.31254901358929 -1.2099901397569224 -61.24214530799912
-91.09390215041437 -1.2260408539717718 -60.94416944023456
-90.04383550211406 -1.2240343121536894 -60.819505261803585
-89.02619377153614 -1.2869301609635078 -60.78829298533191
-88.00060492799098 -1.278716637269041 -60.667705237468894
-86.97358270554464 -1.2974117799814475 -60.63940030054815
-85.94653997132339 -1.312506956801092 -60.52754618063121
-84.96103488907701 -1.3449138943827923 -60.38567668415499
-83.91760656609853 -1.3640166756042928 -60.26506074227976
-82.82884230162688 -1.3502057956518336 -60.15768136208117
-81.88974115815756 -1.3524286889067652 -60.066094075166326
-80.83723452187726 -1.4170452423809052 -59.9997527973969
-79.96711183387104 -1.4057003917456719 -59.86757499344887
-78.88052932084256 -1.4398844596423979 -59.70621761907415
-77.86822422189509 -1.4611513020228073 -59.59668209141381
-76.9617649404756 -1.4792598722214265 -59.50400046260868
-75.91354504509897 -1.4995240201847668 -59.36701451096749
-74.96001668627687 -1.5023215768586344 -59.19521770229014
-73.99086190712018 -1.5369246597829147 -59.05770584888555
-73.04510097965644 -1.529619990151107 -58.97049801519426
-72.07412406687776 -1.5840903506632324 -58.887397860587896
-71.09879938245734 -1.5829442394343276 -58.7574001777475
-70.17608250856586 -1.6113136148684926 -58.559275847066395
-69.21531729826854 -1.6260649690338154 -58.49972813675234
-68.30060337963232 -1.6644259325020643 -58.354967488573244
-67.2867859888168 -1.7043789217853687 -58.194330493651144
-66.4521123223679 -1.7080065501776023 -58.05206162702147
-65.53623858624445 -1.709337415182833 -57.91819325863982
-64.50579828792776 -1.7474794273764271 -57.79614199583945
-63.58594700907432 -1.78566773696166 -57.67584494403881
-62.68412769795773 -1.7917664445355173 -57.48101455231816
-61.74075154493424 -1.8011161208287758 -57.3162564285991
-60.77212080266613 -1.8195433653976727 -57.25815073403507
-59.833301080331466 -1.8329336882728753 -57.185590284031406
-58.87601024540917 -1.8207171157171675 -57.106278562284274
-57.92407037986952 -1.8576858767439832 -57.06231031408093
-57.01653009153103 -1.876229821708715 -56.95325284381041
-55.97986273981084 -1.868317980024191 -56.8332088826041
-55.06335627213727 -1.8722994741933776 -56.75223711856592
-54.08587743477901 -1.9320837678748937 -56.655698330721854
-53.11734519895547 -1.903198313632129 -56.56572771960031
-52.166664105036205 -1.9482387452148555 -56.47869776807128
-51.356622979619615 -1.947838481346754 -56.26891518690516
-50.42120567791512 -1.9418691835850823 -56.27123595775936
-49.479817929574565 -1.983615650872503 -56.1781609840145
-48.648285651473344 -1.9988686231117005 -55.95664183600194
-47.7852561676612 -2.033492228360278 -55.86260915429369
-46.78804949478979 -2.0500364045071735 -55.81479659998887
-45.922132828204596 -2.0673539112233703 -55.80129442671444
-45.10409683051775 -2.105860599598623 -55.63864224643417
-44.24353460389331 -2.108447192942335 -55.575024408987105
-43.424472800979615 -2.129073323030942 -55.45688990917796
-42.593710115701334 -2.15450506422908 -55.35336696761633
-41.80774983498439 -2.170740017016216 -55.28425324244728
-41.04782875880768 -2.191041111627917 -55.18550325511987
-40.25863241186458 -2.184323485962141 -55.09321843517192
-39.49039337248753 -2.191468057403364 -54.98650821984844
-38.74659302729921 -2.2184294403812737 -54.880110137277605
-37.984323594799974 -2.21840976123633 -54.76704599648995
-37.26036494410784 -2.26300596401977 -54.60224225185901
-36.54143569847541 -2.2600692005049106 -54.463037239043835
-35.852756257330846 -2.2845230095091003 -54.37547908975234
-34.91655692032605 -2.285180517001125 -54.2912812283123
-33.97845300941166 -2.3528891284557347 -54.270451118551996
-33.051577315269874 -2.369685736487343 -54.200194109581695
-32.17139055562784 -2.3965833125292426 -54.20974034331903
-31.306273668310254 -2.395519822992918 -54.153959355340334
-30.44518024304849 -2.444656833593384 -54.0851493312738
-29.611613092223777 -2.4207891204641587 -54.04017841431642
-28.808566196048297 -2.430021759687791 -54.014960897011804
-28.016448952393752 -2.463071196830341 -53.9628368515191
-27.24401435572115 -2.5101668724065926 -53.90170411952918
-26.443361069930937 -2.4953644203967658 -53.875575807525465
-25.770168332990465 -2.5184272783090593 -53.80934222499473
-24.988793661658576 -2.5240923716777215 -53.73993356147024
-24.296554504852004 -2.536805570223765 -53.72929843865768
-23.599250351347493 -2.5372800162442424 -53.6619492563594
-22.938535935418138 -2.589480173216628 -53.55326798699754
-22.289245270951238 -2.607179796523464 -53.500497001909864
-21.63357903861325 -2.650961879652291 -53.422118055492696
-21.059836148058114 -2.658240974314102 -53.317268132147234
-20.466401023150844 -2.7077992366509633 -53.224290591794855
-19.883050326861156 -2.7159108471283115 -53.17219072099467
-19.322171942749417 -2.737972100148962 -53.071515164829485
-18.83031317568321 -2.7479599781316355 -52.978962577984014
-18.29429839219056 -2.77399226980533 -52.85170365153692
-17.832166612084446 -2.7905069495841337 -52.80720646777076
-17.37218900887176 -2.8100127504344248 -52.695498262475525
-16.915811765979882 -2.8411527931525695 -52.567713564186526
-16.476345608366017 -2.8353222261160522 -52.50930153328375
-16.013449688974234 -2.856427613680935 -52.360624381798104
-15.571353382475095 -2.873170098543681 -52.30343788242564
-15.182361836275517 -2.8367293804038525 -51.926450691744485
-14.75575674499096 -2.895348755447736 -51.74341296506907
-14.399660624748075 -2.890319315617491 -51.41181874175737
-13.98204544388647 -2.9109062201554305 -51.167662669342526
-13.606923175864287 -2.9042877895090067 -50.8051928093152
-13.425802245150733 -3.03862082198366 -50.47501880233224
-13.118821429102349 -3.0520403233654894 -50.08106563008212
-12.865756808662326 -2.9669774304840937 -49.68655289967184
-12.696730000477846 -3.049590331325125 -49.34524822316763
-12.437450846516052 -3.088929775379637 -48.968271882514955
-12.163319316418093 -3.0765619342221426 -48.59695770564587
-12.05632933567246 -3.1620524243299672 -48.016246610622915
-11.90093129520389 -3.1287820011614116 -47.55208226123686
-11.668943461406933 -3.152738203937915 -47.24253562086665
-11.547829073394611 -3.0914258565041743 -46.70262066887521
-11.616518676813637 -3.121167444319765 -46.161550997509494
-11.549877298950998 -3.2040010132941066 -45.605837210305566
-11.413514987818509 -3.164305432758064 -45.10056424375248
-11.458781530936573 -3.183565154720697 -44.55887430711849
-11.423029127953425 -3.1728610976607374 -44.06241802548567
-11.354606906365362 -3.2264571102501156 -43.52783854382323
-11.347871204647543 -3.2123344164664407 -42.8953783391548
-11.337555746608636 -3.249923566935226 -42.31842253787195
-11.380466262182269 -3.256464558453904 -41.73786542880692
-11.215991284900609 -3.3033091401232446 -41.060867113162374
-11.24922330667707 -3.292485103777624 -40.44888947081111
-11.347369174661978 -3.312331792811668 -39.89942767251948
-11.304315658425931 -3.302905229017489 -39.35222024064288
-11.37667114994051 -3.344998417081918 -38.740363277681965
-11.383842072818158 -3.4030163169090346 -38.176898854938244
-11.410287115409632 -3.4298513761781817 -37.54820754646829
-11.380422357719024 -3.411718988400134 -36.90173058140637
-11.401970497716551 -3.412195527789526 -36.24414385724566
-11.414023633071377 -3.4320212601755817 -35.58526586556022
-11.433108982192172 -3.439760151819331 -34.895739403874856
-11.489587116132075 -3.4993085552841983 -34.25187229407002
-11.508143071911205 -3.5485061588583893 -33.54670580780922
-11.52600293416531 -3.4928919640414526 -32.84222327247776
-11.552365789206915 -3.499745404691377 -32.219305199250115
-11.518901085534084 -3.5272987860134264 -31.541914377987954
-11.58538422660983 -3.4859766860650936 -30.96637169713036
-11.628138762812041 -3.5205709025863987 -30.257048783576924
-11.6797002025705 -3.528506266972321 -29.616458031278476
-11.680063932075033 -3.5381078996056408 -29.022232612691763
-11.720584009648487 -3.5310912884964076 -28.307802773938093
-11.799068175658123 -3.518307152271385 -27.69641430923825
-11.848530789647393 -3.5395846091452823 -27.043481416633583
-11.841832526638735 -3.50878728935303 -26.39871349205132
-11.818314064588925 -3.549471592625993 -25.774537559086802
-11.824821843267676 -3.527728825292115 -25.102367328562973
-11.848474308321624 -3.533038929588205 -24.505358665409005
-11.848701282903665 -3.547236650571836 -23.86713915190741
-11.876982631814764 -3.552622746043617 -23.214820324007462
-11.883350087862055 -3.568969146948193 -22.593826514970928
-11.936411511635304 -3.562346081035132 -22.003605313772763
-11.915654163993604 -3.5411941709763757 -21.41408172012789
-11.93391333497816 -3.556665553742327 -20.685932560082335
-11.859747638316811 -3.5673436305617194 -20.05359409367393
-11.889459662626036 -3.5440576805485646 -19.478636093998247
-11.945932331415861 -3.5543830629640447 -18.84393872326723
-12.054650787424752 -3.5194030871166424 -18.26307015430818
-12.056499224520472 -3.6466694070416885 -17.722250991454615
-12.130944049547761 -3.650899277159471 -17.139576340765903
-12.086960778770877 -3.6889917300445374 -16.53764199990671
-12.162778023135973 -3.6921833739426426 -15.931380997901528
-12.225165946618805 -3.7607503640328965 -15.43582195648287
-12.287255357679093 -3.7652525012996603 -14.78726536077042
-12.315757179268788 -3.734764786911982 -14.172405535149757
-12.35460885135524 -3.8553756742184704 -13.666769438846703
-12.279891361633396 -3.894936286388719 -13.062313551651993
-12.349578147159967 -3.881346188988391 -12.562110052062046
-12.483825054695759 -3.9404403786685775 -11.91647871075637
-12.512621896922054 -3.9509079694011837 -11.329614817090658
-12.420130103001176 -3.9799773913273775 -10.828915590955594
-12.483780139425544 -3.9526334088449815 -10.133009437701984
-12.54437874167105 -3.9836719244228647 -9.655054663091626
-12.611869143621755 -4.0334390128144335 -9.082212375132803
-12.60849128216821 -4.048950616946324 -8.534173504809901
-12.602912142318612 -4.078583300577807 -8.008578339195658
-12.606557755629503 -4.094935690816083 -7.471151791022674
-12.557706733471244 -4.124698579204819 -6.882646797638831
-12.589781671449932 -4.151699398365821 -6.358255644690539
-12.589065248882076 -4.167227177825528 -5.856977718619367
-12.604833091308258 -4.174343637047362 -5.286882530485917
-12.594370861653656 -4.187555812114677 -4.72886287164709
-12.560479391600825 -4.172479417009422 -4.211581919592861
-12.528446930111656 -4.1953074493844555 -3.630786751754643
-12.538685052039204 -4.210633007784958 -3.176402542836639
-12.495503409389501 -4.225991367706948 -2.62115170131851
-12.395435866112562 -4.253180634952233 -2.1180162760051324
-12.53993855551142 -4.215754033186996 -1.5499888922949645
-12.502363118214042 -4.325383370175148 -1.0193711733658315
-12.624157677537928 -4.291261853135317 -0.5034296082991125
-12.586677961233393 -4.302635431944854 0.046898250327109814
-12.673517248045536 -4.326738408526614 0.5818258646412624
-12.784471384162169 -4.377394555264978 1.0071957233925333
-12.857435190547983 -4.328545500448507 1.4831776950423925
-12.902534881238182 -4.245110761397332 2.016713878298515
-12.958337334126051 -4.343914083043162 2.3783721027251037
-12.949799294375035 -4.38087540470188 2.8518749240643375
-12.937252765449013 -4.366568860449474 3.2647574350858353
-13.104339683180296 -4.3908776781562615 3.6884065548370435
-13.1389227685826 -4.40198896429105 4.120014660266077
-13.018993341754793 -4.415448248760406 4.506225831892161
-13.065146013603005 -4.383534395421841 5.007902734229657
-13.142656607557083 -4.375038617094703 5.249438532882523
-13.226145229923592 -4.444899809755818 5.587651956345672
-13.209170076108032 -4.437511077283363 5.966592010794287
-13.230088914330908 -4.477727492293412 6.204915621022009
-13.173953196292405 -4.462427720500757 6.526449658670238
-13.162274182128208 -4.4864497232232186 6.840634269230225
-13.193159854957567 -4.493951575300231 7.129399690984432
-13.179134135422919 -4.510977296147368 7.410688175979388
-13.195480086596694 -4.540867916121576 7.715784333895472
-13.180979664665568 -4.542838832757253 7.971372893968068
-13.153817415341212 -4.5080030941905695 8.192559463457838
-13.143801956251707 -4.535354447518581 8.446989477179539
-13.05007596487183 -4.519613231416047 8.684838224813516
-13.045951249107526 -4.551686622827386 8.896646346014105
-12.994251134990366 -4.562415870604703 9.137571966898733
-13.15593410162974 -4.507786267902468 9.428784828697381
-13.101702928400105 -4.659729655321599 9.607794467599067
-13.19610484302752 -4.6272140323138 9.853521706905918
-13.08281426719943 -4.6296968030636005 10.121907751106727
-13.157470583758736 -4.658882525107374 10.405813597683949
-13.278257766372272 -4.750690762938028 10.532271406805288
-13.344121663103879 -4.655470080261628 10.772714725098371
-13.346138152205919 -4.523574547368623 10.997754271343805
-13.349064555048596 -4.732020765829742 11.07868490871623
-13.257971076377562 -4.780838833854165 11.343801403012442
-13.27848050462443 -4.698998226039336 11.530877823017
-13.434268447419464 -4.783752847512533 11.7600947251717
-13.496212951133877 -4.786153492692106 11.976071035655645
-13.362112849324085 -4.801018464716857 12.171542609007613
-13.423513437165603 -4.739119257195934 12.461894714787991
-13.464369997822882 -4.72463615470514 12.556042236077195
-13.570635991512345 -4.8380485248637735 12.790449825743927
-13.624937847670731 -4.808756498719784 12.981035657776026
-13.682991392342405 -4.852687361687254 13.146062448485551
-13.69442789648892 -4.828505505051689 13.304953667237044
-13.671586021494738 -4.8804529385210484 13.501621968081917
-13.821156949329842 -4.882202341547942 13.728840939795369
-13.923504157557135 -4.894521884232798 13.84658518768179
-14.022957525394384 -4.929765662993791 14.038013156929654
-14.032490294805534 -4.902144930979887 14.265170016452885
-14.088520982585976 -4.885501492526203 14.409206101914087
-14.150739505617064 -4.916066363465576 14.522148527095565
-14.120289435297332 -4.868654568917251 14.749405633978757
-14.205312793710009 -4.898226077191494 14.91728406182813
-14.277530725446097 -4.926878494126705 15.157307537361858
-14.302901481230572 -4.974223981728813 15.421226169715553
-14.266485275161527 -4.9500883116035945 15.757611884376843
-14.350221897319194 -4.9253159983331845 16.068614028546474
-14.384497814194592 -4.940653005574044 16.392158630288627
-14.335979595198525 -4.959231986516262 16.80327719789871
-14.438467389967645 -5.029330392132581 17.143983490717353
-14.467676077905681 -5.064778476546725 17.541751011451687
-14.47394921466569 -5.037991429329308 17.898568910924055
-14.48379769283916 -5.001905934811213 18.26279519694735
-14.481743287688115 -5.054118080588349 18.587953764971843
-14.536739874792383 -5.017334847024153 18.973842482855368
-14.550673647551001 -5.024287121403618 19.262839913397723
-14.595056757058526 -5.021356030870283 19.703674795668764
-14.605268165911125 -5.0578624770466885 20.012588656526464
-14.642363183482104 -5.019093577293178 20.366162018566808
-14.709213139592274 -5.031020555742612 20.690229723504718
-14.7377878483043 -5.0934483081570185 21.03079032484473
-14.787352585170684 -5.102814951453345 21.36797529869743
-14.795025958831285 -5.132442254252136 21.691137600966172
-14.83841157411588 -5.111966885083681 22.050288188450565
-14.906378353587726 -5.147772677056438 22.36738991198612
-14.942340202531518 -5.152646820102064 22.63204914903676
-15.033586060787163 -5.169065698220619 22.95941432668351
-15.124800055255484 -5.204887661962006 23.29390782750331
-15.167911786125405 -5.212652522054556 23.501361995053983
-15.197283225249365 -5.205711791511958 23.755208296679793
-15.291348795537482 -5.220893903990509 24.14075898658907
-15.330560353415805 -5.209824267568085 24.47774209486756
-15.390123609777445 -5.246786394861163 24.674034031955767
-15.516670846048171 -5.27911968220575 24.925271330836964
