-0.002560235516745885 0.006111651749099793 0.25296431780035533
-0.03370108446655565 -0.0208002829954128 0.5155866742002545
-0.0048089212351173005 0.024916269159928263 0.771508693703125
-0.03117978181940515 0.0205887969689456 1.0765485763570002
-0.10002177184894027 0.02454344232697819 1.39258968829278
-0.0673932132190319 0.00127860964572376 1.7098416089901272
-0.12474517488884031 0.015523874006625868 2.0731544494471565
-0.17261606413771227 -0.018151647485737773 2.4110546111701634
-0.178960322860022 -0.019577911997913568 2.780371665917109
-0.1930883223448989 -0.026791228731856097 3.1285579204134737
-0.24121415555056938 -0.050016699968650706 3.5247807502157213
-0.26252138547893333 -0.064258760310269 3.9209597110071863
-0.2693107716842895 -0.07820434714921286 4.315420150683068
-0.3333516410916146 -0.08101091366534321 4.7091670035459074
-0.34720039280356774 -0.09494686689458252 5.129107475187752
-0.38467544222490585 -0.1023995633012563 5.565846443074216
-0.4224230338822991 -0.16226637149510612 6.019058227409247
-0.45863497147180815 -0.1414234615234035 6.465960502495949
-0.5125659692416392 -0.16264095656210473 6.929013728950144
-0.53521740310798 -0.18539426958182448 7.3903074262953545
-0.6168289767206463 -0.22948142606065927 7.883069991878529
-0.6304762349168539 -0.20594405830040496 8.382989883242011
-0.6877835973857604 -0.1727793483125074 8.89426422101261
-0.8025264127911306 -0.22797560357163077 9.421228408595459
-0.8559644205293011 -0.24988014641870382 9.970701217416437
-0.9264291506976935 -0.24873822553659805 10.524192809812059
-0.9963515382039171 -0.2625730594400378 11.074967384074995
-1.072277782361869 -0.28832143130731475 11.668859481526024
-1.1468290069703773 -0.292647506414484 12.256084441838924
-1.223014233311008 -0.3073280408076715 12.842572211901272
-1.4362113111914798 -0.34896460202963253 13.505586939708952
-1.6693470392260967 -0.40393022153560876 14.15362494206656
-1.8745587082124424 -0.46741869783975326 14.82259522715005
-2.1072778604231006 -0.5147874200047865 15.470089120500276
-2.3078599253286027 -0.5605434466401735 16.12631612049579
-2.547723616506228 -0.5995845527749083 16.819357048073243
-2.784386466763449 -0.6742663859830687 17.461025674188534
-3.029601407497771 -0.6909544772992553 18.141071595020172
-3.2659311562639517 -0.757223596371969 18.821682162382036
-3.52278007287669 -0.8208907888515803 19.501598679228174
-3.7571818954008327 -0.8948281546793382 20.193693903868102
-4.031372009018032 -0.9407535139545123 20.876185432576175
-4.291338913476695 -0.9867443822948101 21.580818175341125
-4.54980283339066 -1.0864931764202437 22.257734252718414
-4.810805634646834 -1.1011206843144186 22.962966269075032
-5.066516517308138 -1.1706817629464932 23.663936866830163
-5.349262264890156 -1.2241169823386167 24.363755466132453
-5.642320373467723 -1.2662912346405677 25.082425208840263
-5.9249543802220925 -1.3336602859924072 25.79245040526679
-6.2086778943223875 -1.4426955460665432 26.50617701309373
-6.539035012380777 -1.4806366358605767 27.212501886327125
-6.7966376810023945 -1.5456369786991435 27.947588063167103
-7.099615081276224 -1.5577641684448231 28.665520035939743
-7.458852045274219 -1.6441800250357708 29.36576631739777
-7.783563564541064 -1.6979797547508637 30.088239089563544
-8.128740971133993 -1.744745383160159 30.804514355931502
-8.448943921608564 -1.8048669129125186 31.5262051797585
-8.792542601665136 -1.8586563684667696 32.23418348389713
-9.130382078344129 -1.9101228917112858 32.93157877030641
-9.501875625794181 -1.950567421866308 33.64762624615641
-10.009782011579468 -2.0262644328550343 34.52618597441374
-10.49011880895238 -2.094995597486303 35.450929937663226
-11.020771550932139 -2.143860443756399 36.32152649228556
-11.516507461657177 -2.192719870047832 37.2396287237256
-12.020990587705045 -2.2524369717208135 38.15463774758375
-12.577555922122173 -2.3551883323086353 39.056700675591536
-13.089357369575668 -2.405009337426957 39.98543255442506
-13.621823952964714 -2.456814527789695 40.89500479059041
-14.152339913917615 -2.550297869013115 41.82016910620365
-14.6901188785158 -2.605236707027996 42.736273639266344
-15.244822914302317 -2.6840738662614996 43.62899650992294
-15.801371846560222 -2.742961688639259 44.54954178177135
-16.352699605860916 -2.7990950832972477 45.44383172527727
-16.927036534160013 -2.889243562620391 46.329177408381184
-17.50584631704168 -2.917141549867834 47.20964094830542
-18.11200971688715 -2.9743059863378267 48.08613241455423
-18.689222720108148 -3.045795724680167 48.97368952957047
-19.294330406036437 -3.161781250158148 49.83244014772254
-19.91780186523997 -3.1764610273774716 50.703128088981984
-20.552492567511038 -3.2392330919650822 51.54920295711466
-21.16024055389242 -3.279752793801248 52.413372488273836
-21.838552512603638 -3.3533326704572173 53.23838942417046
-22.499472814811014 -3.4387723302983595 54.076080319304204
-23.151178956340758 -3.474698809350443 54.91293700264916
-23.842432352072876 -3.5484432960697303 55.74873793154437
-24.50590799484185 -3.6099056844606006 56.56090456733495
-25.190293213862844 -3.6587048498202344 57.37131326719743
-25.87976296308551 -3.716773219872821 58.201614236793795
-26.58129924201226 -3.7607047487447582 59.01370169143799
-27.294519180063908 -3.817762671913478 59.81655376260885
-27.90720765024447 -3.8119251773914593 60.58687165904104
-28.553484249729106 -3.8931696603558814 61.29555109310047
-29.14359003723971 -3.9530182531515874 62.031343671210045
-29.754022826691212 -3.9856788858415353 62.78447122127103
-30.325400154696602 -4.0436820013827806 63.53322204489526
-30.93343351325244 -4.050403893496805 64.2780952972335
-31.55999362416766 -4.113181339917873 65.0237624679468
-32.18220114713975 -4.123383006096717 65.75948945862532
-32.801996471817034 -4.190934435903036 66.51162254682504
-33.40695189724618 -4.237565061276071 67.24077425850254
-34.0470089594933 -4.292705273734941 67.99154362328088
-34.67698189153151 -4.333388495956894 68.72033326301553
-35.27977485356845 -4.366156263421427 69.46574772065625
-35.89586085405732 -4.4324400390762015 70.19030451426568
-36.50275070678929 -4.455515881892454 70.9247137426048
-37.12820182954258 -4.498006152496962 71.63621808673628
-37.72467321710656 -4.553292350360891 72.37445745050857
-38.351428943521846 -4.584732335857697 73.07670682477067
-38.959570722948506 -4.632852177731181 73.76866514383934
-39.56156452007024 -4.744626101679315 74.46299613613579
-40.239208348528244 -4.795332804435573 75.10319773684255
-40.78654303642341 -4.8482595527175265 75.84716782452854
-41.39724357545285 -4.79290151507288 76.52632109654468
-42.06489990365104 -4.893828433836602 77.15341207951609
-42.68047134796276 -4.952488077861272 77.81475816681018
-43.3027403563635 -4.979100613873181 78.45188769669286
-43.9085631809008 -5.026576522527535 79.09968865874927
-44.53224552080853 -5.0750714134234665 79.74208431303623
-45.172352094698596 -5.094457038129879 80.36855146122703
-45.79122516486442 -5.132165341307029 80.99878625081607
-46.74647144088404 -5.199109657261222 81.69304334929883
-47.75900004223858 -5.279839382209561 82.34265912433943
-48.70283521442732 -5.360512858635985 83.10810632145242
-49.67276250573975 -5.475594191721435 83.79892845572462
-50.74068082924111 -5.572546121030338 84.42729044674886
-51.71721326052341 -5.58392875366369 85.13666085179918
-52.7956841358896 -5.7272851819305455 85.7259403837961
-53.810507526062935 -5.838745081899999 86.37234615763583
-54.82338861177254 -5.899343159451515 87.02237560016873
-55.84384137834204 -6.023830258933911 87.64139506719903
-56.86649047129261 -6.108146980766635 88.2594736620876
-57.87649376545121 -6.214164790527995 88.86834972773966
-58.88916067977754 -6.265797490476995 89.46589829044963
-59.908250879899015 -6.345015872498795 90.0557554447511
-60.92621815431946 -6.420640332276157 90.63788966156864
-61.94283485210981 -6.486759513535555 91.1800262693625
-62.939534540817036 -6.558062322521648 91.7412934191484
-63.948185641322596 -6.543220253528737 92.28960032871053
-64.97408225896947 -6.670632958807067 92.81249379089083
-65.92681878212635 -6.839357463401509 93.386576004462
-66.99638743880018 -6.935132162521156 93.78141116162364
-67.90390673107481 -7.005966580977466 94.40391916635352
-68.89038253099872 -6.8984252281899865 94.90004879657096
-69.92351417780418 -7.074268101403247 95.29280692216412
-70.88438208553836 -7.167915118896301 95.77408514269825
-71.86822649862661 -7.2173148333580865 96.20707960488532
-72.82201999037144 -7.34139375677154 96.6300761623266
-73.76468059597137 -7.393339010046296 97.05371301649929
-74.75374851809414 -7.47222465514256 97.47606079690011
-75.6851161346296 -7.556597781765117 97.90605774808193
-76.65566488557411 -7.636738837210466 98.31322464288233
-77.55600314128792 -7.735199316544869 98.74628898384628
-78.50498313466235 -7.797372679948964 99.1902567152725
-79.47173631002265 -7.84841062728863 99.63986356912784
-80.41835402421529 -7.895875229359072 100.0642549445802
-81.39304155258732 -7.994045401355481 100.49297847369941
-82.3314621353659 -8.019432681195651 100.98369962485974
-83.26029830522015 -8.12393669155914 101.46921796025538
-84.20932703718998 -8.19368456708253 101.9775361997161
-85.13162468135795 -8.264524557636475 102.4539525867065
-86.07260910926234 -8.323048340154797 102.9820384215714
-87.00248903845743 -8.40311108532456 103.49046955333662
-87.91171722547506 -8.478478194554032 104.0341955854576
-88.81047792982606 -8.525826811769965 104.55457318432289
-89.72108440081166 -8.585554256840659 105.08639028652865
-90.59258170486459 -8.655916346784707 105.65962638571034
-91.48508925643185 -8.70346356166818 106.20010947101582
-92.37687197147903 -8.744002778560581 106.74149157559214
-93.23908208864994 -8.823256608041733 107.31588895671432
-94.09993137564553 -8.86663853116102 107.88066143840042
-94.9277258532059 -8.908202568356225 108.47424629443056
-95.77160468235537 -8.958082806738584 109.02648447076194
-96.58618721149224 -9.053215245708088 109.59624144337914
-97.38352886730158 -9.042383125312522 110.20555641748791
-98.18943642126585 -9.09553780224853 110.76012159991046
-98.98657745090858 -9.141392020926968 111.3154495526786
-99.77084497610892 -9.206147479711419 111.90076659787472
-100.55902391432913 -9.247285253010052 112.48700626291429
-101.33071698861718 -9.286407019821556 113.08731780455395
-102.1014946243283 -9.333912187458058 113.66715182896887
-102.76226868653306 -9.43678303184022 114.2447848357079
-103.40629576289417 -9.499241776381373 114.90436656462181
-104.03605917459227 -9.395887116117631 115.48231328656547
-104.68151778701763 -9.476566208829356 116.09752389581767
-105.32542244915312 -9.485043724143253 116.63934969169526
-105.93313112235315 -9.574773862970199 117.26411946319567
-106.5192830940066 -9.526824234530324 117.92083231020892
-107.10637759275625 -9.618504425096285 118.51083435209001
-107.66789007289955 -9.644510652439642 119.14984306364893
-108.22551213165185 -9.681412943487999 119.79809589138878
-108.7236852441118 -9.708787133186831 120.42323931468624
-109.2378616214602 -9.756774068996526 121.06672824222748
-109.73473364749209 -9.800707910246313 121.70063356224023
-110.21259357163851 -9.806772151992169 122.33510747716147
-110.68448268784101 -9.839186180883502 122.98144102690586
-111.10074639060225 -9.852655398108832 123.6546366349616
-111.53854498079052 -9.899359467671184 124.30546843191229
-111.95271570786896 -9.926300733423908 124.94643270340558
-112.35476418620544 -9.924536680605796 125.59744837110668
-112.73049395836469 -9.879506712118559 126.261889932081
-113.06051060392642 -9.90272930055162 126.97075665999122
-113.45419572354204 -9.924430091084202 127.5741910924529
-113.7979976551642 -10.020909175903979 128.228405493265
-114.10095893246346 -9.9632125965284 128.94330301414186
-114.4259191619803 -9.980004679392955 129.63337008872406
-114.72585283112886 -9.987357896232393 130.31062158242145
-115.03790666688894 -9.989085533115437 130.98153523063678
-115.34768778167789 -10.000274575247431 131.68054800167866
-115.63314347965621 -10.01551455567265 132.37079523967844
-115.93166297836527 -10.028378840693778 133.0505018911753
-116.33088486904022 -9.991770277424541 133.94282770295018
-116.71515064666286 -10.023001872789136 134.7851415105729
-117.16001606785314 -10.033688467335336 135.59633172570312
-117.54493079068023 -10.022850150469711 136.47310770850413
-117.92631996288591 -9.979551470955002 137.3704729223573
-118.3357049994544 -9.983942255148618 138.27043791943885
-118.6825966857913 -10.024398284165065 139.25123648964745
-119.05979180852334 -9.991206329839752 140.19268797145293
-119.42049416706486 -9.996093751293875 141.17044344072673
-119.76777491344147 -9.973908128672829 142.12804395049523
-120.15236082852746 -9.97907905926262 143.16262214171186
-120.5091074252801 -10.005054315443001 144.19367163590408
-120.83269053226785 -10.013923467913823 145.22989832701137
-121.13976091186728 -9.996633667866316 146.26653921704948
-121.45892895096299 -9.989268990419834 147.34264270122335
-121.73986542353815 -9.98920140714142 148.4500777533368
-122.05711643860694 -9.983491272491218 149.5533425595885
-122.32387367094148 -10.052161570959774 150.67058480603677
-122.58215111425666 -10.00356522173111 151.8090569718723
-122.84265907352851 -9.996049137080213 152.96113822568992
-123.05162828048388 -9.964987003585875 154.14507661613828
-123.31003055123163 -9.985140504985598 155.31682070537346
-123.52831873357854 -10.058918286502816 156.5244145440444
-123.69942969940638 -10.01143031895725 157.75829910202805
-123.87930828991765 -10.033530154430993 158.9941974455087
-124.0525316057098 -10.033821634349431 160.2437582406064
-124.17421968893446 -10.046352933520465 161.50456252849924
-124.30644692756199 -10.032925845860643 162.80292790362702
-124.43106893709364 -10.015575666798735 164.0948440743212
-124.52398414407337 -10.026918798719175 165.38757852050674
-124.39167860850284 -9.980699804859691 166.7489232259149
-124.43359933478116 -10.013438129894965 168.05957826469304
-124.21540837501388 -10.084250170864529 169.33512744617175
-124.04450835045414 -10.141416980809314 170.66266948423055
-123.8130380428431 -10.143899669377568 171.97790252856421
-123.48262192460805 -10.039959961799175 173.32631223347494
-123.36855326075771 -10.17829014701404 174.70332637813004
-123.06697939992694 -10.105734162476802 176.04485000349817
-122.78509147346477 -10.12500717418724 177.39847470975863
-122.46507024244278 -10.166325486148839 178.75427889958107
-122.11562678184521 -10.211778964676354 180.10629014344752
-121.79437352897396 -10.249701670667804 181.46641962258545
-121.37567593701573 -10.29014312670262 182.79784273965163
-120.98106797218901 -10.294125604226235 184.14177217186466
-120.5170229774938 -10.306191564844791 185.4822967280801
-120.05034876712033 -10.341697605159371 186.8115747867617
-119.55646312051114 -10.363052557418545 188.15250822475713
-119.0711552806984 -10.311077198977678 189.4720920648611
-118.55013654371905 -10.405612615742829 190.78693126779427
-118.0018078639217 -10.630780787170208 192.0861990820623
-117.61438864215758 -10.66468686176717 193.40181065140436
-116.81782335355712 -10.731857616761452 194.6808812978071
-116.21607669624825 -10.511011174847262 195.95951042794812
-115.76985650836282 -10.711249339549324 197.2521990392027
-115.0962035001082 -10.70228840129647 198.5326063524663
-114.45075126596404 -10.740671110405376 199.79522053307812
-113.76791561789828 -10.769719019895236 201.03967380323263
-113.0873141349346 -10.830034047869527 202.27908872252144
-112.37894031329957 -10.866043193830611 203.53707605763378
-111.6749242028944 -10.900104954959504 204.76388194118132
-110.60692906102142 -10.983631818064033 205.94476393967656
-109.69226712804408 -11.313413705105035 207.100620873938
-108.65159862834848 -11.438727618970423 208.18952607118905
-107.59240528097837 -11.617481110434937 209.26058491876597
-106.48711920346909 -11.795147263842939 210.25686899713833
-105.3616115839882 -11.844551329919494 211.2913623391104
-104.24897574915941 -12.09844154677466 212.27469134622388
-103.0454364457029 -12.18381337330747 213.18837699840884
-101.93443851351644 -12.33819623286804 214.16292352410846
-100.73056347500348 -12.532285603507825 215.01905019299355
-99.5644195392341 -12.69390539507851 215.89176032960017
-98.39401278875638 -12.882417401284139 216.73549823309534
-97.18783931565474 -13.045883971124763 217.49929001015488
-95.97945130730936 -13.200226636525581 218.22153078876454
-94.76378225539182 -13.373869532915746 218.93936619340354
-93.47438908110743 -13.514248738713448 219.5825395380785
-92.22242583377165 -13.643681767359418 220.22889707807477
-90.96855277248747 -13.816391509499898 220.8105176373886
-89.70370552625626 -13.921192165670323 221.3753211944498
-88.42490341446087 -14.149063314181106 221.87978714457512
-87.19876124113541 -14.264410030638267 222.42208512735937
-85.91157468077449 -14.445603139992457 222.868948217872
-84.65579642282405 -14.56686268324893 223.34032537882095
-83.39880001480734 -14.702765220514669 223.78640682242812
-82.0953501836783 -14.770351442434318 224.19159011266626
-80.79725561917044 -14.908393781180234 224.54184837707166
-79.5002370175416 -15.007323740569003 224.9060029215761
-78.20168465166536 -15.161607638822085 225.23830427608436
-76.9011791934958 -15.292540187992731 225.48652184496052
-75.62971288751783 -15.420157936420104 225.77286249291
-74.39444413868911 -15.581495081159531 226.00050038518555
-73.23896591446382 -15.818056775953215 226.30273307932606
-71.98476239203112 -15.955985497552351 226.43051880463545
-70.80311367875174 -16.141520708890564 226.61685051619702
-69.58113730066157 -16.308481980693745 226.78400887059865
-68.34371993071105 -16.418050800223803 226.8958060694481
-67.180517175345 -16.615443028621588 227.06490968350008
-65.97422433707395 -16.7880301668926 227.16815908951202
-64.79945423077004 -16.938540478457217 227.23868956360567
-63.6393639020189 -17.1269297044673 227.28326232013995
-62.453593722187335 -17.281280645831163 227.35902245192008
-61.29360590449355 -17.468490743233673 227.40383032057326
-60.15593063733618 -17.624833148308415 227.4265785184853
-59.028378839264086 -17.777587729941715 227.44555642325724
-57.88774624630901 -17.94051042225206 227.4486886546093
-56.778232850835984 -18.082513811884237 227.42466151682373
-55.673390119152856 -18.255151150677566 227.4120464593512
-54.56291070640198 -18.305236657674083 227.36745502413206
-53.47749420931537 -18.48609477852202 227.34800301094128
-52.40132610163611 -18.69165550027851 227.23868579468436
-51.37453197237869 -18.866447391839742 227.31403811602195
-50.31248484127656 -19.00825484968032 227.14927974602048
-49.27373486248615 -19.02199712830052 227.11747438499245
-48.28409528028529 -19.24797076774993 227.15729555036003
-47.259515929084074 -19.347109422465422 227.11876619047882
-46.27939757327289 -19.479946862953312 227.06822631586635
-45.318634714010216 -19.632406947398138 227.03134027174488
-44.32566760124938 -19.76017948978994 226.96500605124052
-43.389503188643374 -19.890966097835634 226.89011581526967
-42.45340348644365 -20.024731084511075 226.8189075578541
-41.49467376319382 -20.098216524214557 226.85727841534617
-40.50964663793444 -20.190804229106455 226.92626064452224
-39.52911863752779 -20.408632555236363 226.95822087124918
-38.56216989329534 -20.495186116298004 227.0270402929955
-37.58194003381672 -20.608021758224737 227.07780540380256
-36.643261597570465 -20.744102734931886 227.20630389828523
-35.70905006046745 -20.867025282216243 227.23927981373328
-34.74645898383575 -20.988471884283296 227.3020650902775
-33.81715810675265 -21.097593501540658 227.42403651808635
-32.91002973214719 -21.223674517256075 227.49527688523824
-31.952022174427285 -21.321718806677172 227.61830759711043
-31.030563451312744 -21.463099867274597 227.71052891219534
-30.105487901912852 -21.568506268982098 227.8076149811286
-29.202896603061703 -21.69326568653523 227.91473091267775
-28.269477751545146 -21.79369801244409 228.052238458392
-27.35348719814383 -21.909812776914542 228.17200875325543
-26.44813776064141 -22.02158587403777 228.30423657885012
-25.524130016386465 -22.1470176728694 228.45213096210284
-24.60581953920763 -22.218793477188886 228.58463100211293
-23.698091675978706 -22.338705442187084 228.76319005580697
-22.79306951780416 -22.419172248480585 228.87874664972
-21.889717733355372 -22.544711190228018 229.1190370159077
-20.99452178501978 -22.666947496091666 229.3031202459656
-20.08951118174661 -22.753259261566427 229.4164130222829
-19.219137611131412 -22.89744803405678 229.6030173494487
-18.33734709437478 -23.000497642650526 229.8012603373486
-17.470351804695788 -23.128238174577938 229.98639208938522
-16.581087024922187 -23.214243531720367 230.19891619868912
-15.699205154429354 -23.334892954512796 230.41843075392492
-14.82363725096479 -23.432780771198992 230.63969120056188
-13.882210243546817 -23.496174964393667 230.8423380773989
-12.900222504429838 -23.56069711547806 231.0662683345771
-11.995638541853912 -23.725157205178434 231.2820027507031
-11.06616516170697 -23.828835040612567 231.4814498547943
-10.15674045909756 -23.937227218942915 231.7194572178201
-9.231722977292028 -24.054972691167954 231.93948685940794
-8.303105534370303 -24.1580339957179 232.14517387634257
-7.40251796166847 -24.25941190866984 232.38497720732067
-6.474030133147242 -24.40022770452421 232.5806338791998
-5.574319553246523 -24.49695613116098 232.79447303968456
-4.652794874917809 -24.602501342146144 233.02262059033058
-3.731927591290324 -24.703777042225546 233.2264033700484
-2.8200164077156025 -24.787836572772772 233.42099044997283
-1.9253655611020495 -24.927859738137535 233.6104303550609
-1.0321031883190805 -24.99797835811975 233.8071338546726
-0.1318147229191471 -25.084141877353396 234.01057099389533
0.7623392266396092 -25.19043142782236 234.19791010857864
1.656017177015027 -25.32110121379435 234.39997751618432
2.5490329950551676 -25.408813190420297 234.58782624176862
3.446400208037023 -25.51335763393593 234.75070121215438
4.350316241840602 -25.60695668260049 234.9408387425848
5.241051182142925 -25.70350375718168 235.1374960889089
6.137267947258497 -25.784674262278244 235.3347767012746
7.037317035349524 -25.880989008183974 235.48739655336578
7.91127414296642 -26.02823531398292 235.68781269261677
8.81159057271358 -26.136040236325954 235.87976773838145
9.701961367825756 -26.27817330513261 236.08557784250118
10.59991935565984 -26.3492374101492 236.26131420532312
11.490669144163292 -26.471334128761956 236.4529133788369
12.379891272390633 -26.569745076906077 236.6317641577265
13.174046282441626 -26.602648542297782 237.05598471941366
13.943677442306807 -26.666350826484905 237.58939820778102
14.79859444601506 -26.76266173560372 237.9767310845192
15.597914394121329 -26.84260539014866 238.46029424204437
16.37250823699545 -26.913120456977328 238.98350706129312
17.212328798474907 -26.97921478478101 239.39233247215822
17.972560693517522 -27.04801889159241 239.96891604531487
18.76786984483444 -27.16664314841591 240.4449492368954
19.572239595321243 -27.19276235792581 240.93072144661807
20.3681984097825 -27.299808994068215 241.47600461208813
21.13753794181018 -27.381397107215932 241.97095537228745
21.912339617541633 -27.493283446455106 242.48749628143784
22.706877114848112 -27.546183226709832 243.00315999571797
23.501121887706248 -27.649684656161078 243.52217870206638
24.296790217279778 -27.684686323794946 244.04411878893814
25.084239705374863 -27.774604915539843 244.56582187988874
25.884751030509666 -27.83188528344619 245.08140473655845
26.687076663183568 -27.85325501473606 245.62951808806645
27.47388099853636 -27.957028071300535 246.16709431685842
28.25486129441117 -28.10681640676018 246.68348795572203
29.014297706165824 -28.164315660298673 247.2799883774609
29.8619041735771 -28.2587655654804 247.7183090973291
30.677753597431742 -28.178739843815507 248.24539952802746
31.467069619132918 -28.323055160456313 248.82812143688972
32.28967285601831 -28.441990636726484 249.31853706492902
33.099490697510866 -28.491677884758854 249.8537433891135
33.876843807719055 -28.60249729417325 250.38282803554424
34.73671084720678 -28.630536712391333 250.92140729309895
35.55601534798208 -28.723399851370136 251.46914318625954
36.40186470603772 -28.80179791350493 251.991932457598
37.128541770227976 -28.830397139965914 252.53682128553106
37.98322398215668 -28.86564571128843 252.95424226418808
38.788359262887894 -28.82860508053924 253.5325429222177
39.577057099575484 -28.85974075934057 254.00938098254485
40.28724982778863 -28.906510616495698 254.72531977377903
41.01603880840836 -28.988702425784613 255.27691664489703
41.7655085633081 -28.903865115969758 255.78163812291575
42.47667392852284 -29.054268180502245 256.2988139593402
43.18903837068294 -29.07934021290796 256.849632831971
43.889973276537255 -29.066192015423418 257.3314297617329
44.57245727844457 -29.086973034968153 257.85499514818116
45.22575392968588 -29.076821556475966 258.3810821504869
45.87113210447542 -29.092662795193082 258.9216954162272
46.47820184989615 -29.12562328428479 259.45343039609537
47.09270438538966 -29.125545205038453 259.9848786637577
47.72577283092938 -29.10178683781542 260.52326578963505
48.3503686930506 -29.108398060920777 261.043068343712
48.913703087287885 -29.165042051313474 261.566522807914
49.48681835446406 -29.10024756402589 262.096260447336
50.08005967674377 -28.92502698638826 262.6312625093495
50.71757639173266 -28.950780462217338 263.054322293267
51.13920518811939 -28.932288208070105 263.7439018191073
51.62360850990238 -29.057561615484467 264.3447539384557
52.23085272807738 -28.958880667260104 264.7205993955625
52.72786624856522 -28.962464841809627 265.28529213513866
53.216096880055396 -28.939490752524787 265.8508349267758
53.686713882535216 -28.9715572786587 266.43787742044634
54.15757662742926 -28.937363432143226 267.0013520367969
54.61033268776137 -28.921977176612636 267.58329063081885
55.03640287544937 -28.933189708674618 268.2127602754189
55.73668234141166 -28.8615448401677 269.0712523227596
56.39619020155356 -28.89750530563526 269.9278422035425
57.054241087827364 -28.883628323648345 270.8317166313004
57.68998280810348 -28.855633387267517 271.72960904773345
58.35704133894811 -28.828337939601937 272.64056463602003
58.93351179744066 -28.78008607653505 273.58492290012055
59.602363921148985 -28.79549876522537 274.4268241763928
60.23839574201922 -28.750752924059825 275.3361636478096
60.84763377407224 -28.727717732443995 276.21368136645674
61.42993889789854 -28.708500724524146 277.1299912526955
62.00674439150102 -28.669763469100594 278.04013080189327
62.578366211931815 -28.636475029282273 278.9433380209749
63.12208517884886 -28.613371704629543 279.8804534687966
63.69842190710516 -28.586993412149024 280.76724223703684
64.25088923239112 -28.568525660231895 281.6906571033679
64.81740578140176 -28.533204469173345 282.6001003686364
65.3490240122033 -28.49402369673101 283.5087720717318
65.89117755821641 -28.528574619828508 284.4161220043444
66.438855246569 -28.467382994869368 285.31988546637433
66.92547485949598 -28.36257667282714 286.2340698196218
67.50471230674835 -28.352494682177678 287.1063956027605
67.9105416999412 -28.323990716498276 288.0791808518556
68.39567055666961 -28.39623097654332 289.02155556230787
68.95508725011057 -28.32182499873568 289.8747304895341
69.44037330478538 -28.314681710279913 290.78962940249954
69.90067387516352 -28.294795158047542 291.703540694355
70.3709594874382 -28.267468148000802 292.6513619398478
70.80943432815043 -28.249134532336594 293.54559232502004
71.27258682995647 -28.236921531436963 294.4656549147769
71.66966634127368 -28.22148113509342 295.39711559843687
72.19277386685542 -28.104728749035115 296.3696219831858
72.4887754798762 -28.155281240081678 297.3936755646397
72.97503972798741 -28.17980370319523 298.29888814524423
73.37915788034145 -28.199615871504278 299.29707474139093
73.83608365617292 -28.20127879690995 300.2783575581424
74.30705015815174 -28.01671265827454 301.25952872968816
74.62671258516943 -28.101711006343056 302.34861310091316
75.02610600324304 -27.988524264861223 303.37079371827423
75.38729354507852 -27.940502055211915 304.3875555115768
75.77672708492496 -27.942882496880593 305.4184121605725
76.13726226695645 -27.946001512150524 306.4509485623403
76.51941509073654 -27.946138004828182 307.4795924302046
76.87363306741659 -27.93305304282813 308.5094256344806
77.23140598298768 -27.886713838897933 309.52408852145015
77.58296642396677 -27.8788483267546 310.57239392771726
77.92242191956899 -27.860542529999837 311.5791997400851
78.2933166549554 -27.859867215230814 312.5841760465422
78.65403437117885 -27.779067818128468 313.5450268589673
78.97932583791899 -27.77459213950846 314.5339138654234
79.34479047940034 -27.953289785874006 315.4856842246679
79.47939136689031 -27.935425541639326 316.55317888725057
80.00556735740827 -27.948751378767074 317.39104220973064
80.30806026652816 -27.743984672953868 318.33725736827773
80.43855290462581 -27.888584680008595 319.37781460164854
80.79126708680518 -27.810619731289275 320.30380481342365
81.07352891830764 -27.79501678226464 321.2172794473727
81.3375516745678 -27.792149102681265 322.0979725909287
81.63774176251019 -27.755265188957008 323.0216065766786
81.92342008340084 -27.706129788765434 323.9400717238557
82.20221038582005 -27.697424740960432 324.8174601434844
82.50090087911231 -27.652154700814414 325.67611085001187
82.76396823085223 -27.68246052069537 326.527725064017
83.00551542231715 -27.713900472853854 327.3905927761252
83.29631082461881 -27.642801289527746 328.21801360173583
83.57518561907554 -27.647856467344898 329.0500652641395
83.72536306275177 -27.61558876910505 329.9491956495377
84.02252612859849 -27.62213844773584 330.7711471144024
84.19735780420339 -27.54980006493993 331.6363943433253
84.40836776765387 -27.531079179003466 332.4780884516358
84.55723538374696 -27.50508585134749 333.3139716636325
84.69086293661972 -27.477740911948707 334.1898451690285
84.83489559530152 -27.451654833939706 335.0231761590208
84.97391914569288 -27.413874229260383 335.85814886614696
85.07920145068212 -27.41842076845128 336.6883708250566
85.17022181090606 -27.361313784365006 337.502880466873
85.22382191333782 -27.33801926062363 338.3455219407908
85.28351218726463 -27.334690453096794 339.1661276652649
85.30487393202036 -27.332991555290306 339.9883617768839
85.34086325043313 -27.265470758307796 340.8139120353519
85.31794685768213 -27.183793357560354 341.63692558559825
85.35761123094822 -27.138746341648343 342.4340163719515
85.26708510695684 -27.11776236110277 343.25676902768686
85.19660821264898 -27.16196183332382 344.0854399322583
85.18691312483594 -27.07334729271836 344.8626353080199
85.10236702088505 -27.034895955434987 345.6691956570551
85.02188913527962 -27.001741484614207 346.4567506673953
84.93160764524086 -26.949123909172993 347.26587720302115
84.824077352744 -26.933275236624358 348.0643255116216
84.71151770516913 -26.85480831271472 348.8592397552711
84.58946014219083 -26.8018160993084 349.6653592402962
84.44437631333172 -26.767867435227917 350.7325125204021
84.23567323693919 -26.772366113142215 351.81847086220245
84.09629246393241 -26.755437110232236 352.9033691117909
83.88325896275084 -26.81542001818534 354.0076848489133
83.72588044760587 -26.76155077570864 355.1150886038628
83.52845919110413 -26.72123265732812 356.2387458977472
83.31392566788095 -26.738727084192814 357.34898297294336
83.12098547231955 -26.70588074937319 358.4840596818515
82.89673440055068 -26.688792301949327 359.5903514741461
82.66653836628373 -26.66475258283227 360.74624851675594
82.4132847537817 -26.641884838913818 361.86226338541803
82.18325668155664 -26.667558611975902 363.0021564591521
81.97827216724204 -26.624136400848286 364.1633043984166
81.75521650891156 -26.652217996723284 365.32597336367286
81.4962884035159 -26.58361454504066 366.4950084804766
81.30630447718247 -26.605036481901465 367.6692807190685
81.06210381386622 -26.59546157738928 368.817904614754
80.83053922266062 -26.594008130460878 369.99643698431447
80.59932442210877 -26.5355731774205 371.1929079674825
80.35256507434137 -26.586238078396836 372.37625639473583
80.12367264045687 -26.560972295963506 373.5496794883911
79.88523659700527 -26.600847999358013 374.7545259894626
79.59778297642147 -26.56901732255175 375.9528715865122
79.37235380473103 -26.568592897409502 377.15333721787033
79.10655250069972 -26.554317222636865 378.3748370032649
78.82998231423547 -26.534426125178154 379.58820048240466
78.58933504394471 -26.568012295334327 380.8364360782815
78.29461808756764 -26.522885166368354 382.04849454427045
78.03960569071556 -26.541511091180546 383.24568338189283
77.75880067624679 -26.530074760416657 384.48969443849654
77.46679901536669 -26.50550109807068 385.5603338887628
77.14021481276711 -26.537475263794878 386.5678945573213
76.91128464558884 -26.59683335189194 387.6166758499279
76.62840214479024 -26.60172682049262 388.640107151366
76.35308437206199 -26.643041396932798 389.669625162167
76.09155766845204 -26.58076830100142 390.73363109335617
75.74446048597822 -26.654594531924474 391.73932236677575
75.42757068088747 -26.635923019177426 392.78581632580006
75.09466597344061 -26.630049994206832 393.8087689212979
74.80018936384724 -26.637283414966593 394.8411547650862
74.43996940493895 -26.65644108083524 395.87096793190483
74.15340045211768 -26.70159910465964 396.91593254101326
73.84515503526129 -26.695693167084368 397.9365806191822
73.51274761565593 -26.714705533107846 398.94719943239056
73.1792258877013 -26.706200571733536 399.9536668304302
72.8824808227214 -26.715981133289873 400.9787833755201
72.53620342534106 -26.726404232083116 401.99030025566265
72.20584470703369 -26.701915578104465 403.00062608826426
71.89601829356396 -26.723640939923854 404.01215208035916
71.54499418455067 -26.866576761862465 405.0069419400531
71.14812399877971 -26.83399572870669 405.97724551022554
70.95588294869464 -26.881805020057396 407.0122644682973
70.66179911369183 -26.755886853177337 408.00648392069957
70.2560955341604 -26.84793332739709 408.9857724702887
69.9977180707264 -26.869364003164094 409.9845861286509
69.69290378905548 -26.88415564714238 410.9474281566711
69.3867665917227 -26.934435966748335 411.9307557968385
69.06998659836484 -26.930746191466017 412.90016421413674
68.78302259540317 -26.976253147090638 413.84446221211834
68.48529085092542 -26.993196552473353 414.79298546964594
68.15830256442734 -27.012881581449626 415.821149315219
67.91676539674633 -26.909523206698104 416.9505675245728
67.62366054224744 -26.904078275852214 418.0607374238799
67.30221572994014 -26.94085105751662 419.1743222796822
66.91286924284631 -26.879518343178294 420.25942651119186
66.54688410480539 -27.015521801100157 421.35983470528174
66.30662594504129 -26.912492743116985 422.4759361818734
66.03249884678624 -26.989537697538566 423.59257561479603
65.74801571382281 -26.996268699636747 424.69763810632224
65.5096393848509 -26.99372265263615 425.8159256810748
65.17151083677385 -26.966795614052444 426.90859898459917
64.92677335673305 -26.92705612618551 428.03138161107825
64.62995245300831 -26.89364617968149 429.13036782565035
64.33502684910235 -26.930115405500214 430.21854418039806
64.0479385931526 -26.88095797024189 431.3316429556614
63.757952644875765 -26.879089148048177 432.427379001149
63.4434463335906 -26.887137274055075 433.51309834744126
63.1512532755244 -26.914352942780123 434.64268838026385
62.85423564798849 -26.879767461832245 435.7339812044241
62.54867385871684 -26.73675633751003 436.8254028749382
62.40009315683212 -26.744009975800292 437.9484434038332
61.94179133261821 -26.69594218717017 439.01327144683535
61.609412272111605 -26.832685713391246 440.09182567749417
61.50376515352884 -26.713339098533748 441.24926336794874
61.18099896652402 -26.75191672936645 442.3347074644612
60.884428331935474 -26.744070405762756 443.4425043549406
60.57563310397526 -26.74698879130591 444.5259186974485
60.27445720412166 -26.686347990104938 445.63981641211046
59.975492265073775 -26.675499026321624 446.7460552749091
59.67683823130824 -26.668744974637345 447.84668144733143
59.43114775944546 -26.637080734018177 448.73021225931393
59.12437256081962 -26.593723500626012 449.5635600394939
58.87739953219094 -26.524216032042922 450.40057500794154
58.64609480824978 -26.500047307822015 451.27093091647043
58.374804216373015 -26.487043586018302 452.11489638651807
58.17021453196927 -26.403862473507182 452.9963187561315
57.857694523698775 -26.360732975600254 453.82356493475993
57.645712377294274 -26.29567005886818 454.66287705266757
57.4260644860683 -26.26517386185272 455.5101881333023
57.196279671250046 -26.216862907967368 456.3571621222436
56.97043996617007 -26.19956531083961 457.1735180822092
56.76206862061045 -26.15686716431797 458.00297120974477
56.54437102454182 -26.102049281918084 458.81113504451366
56.34591645284569 -26.080572275679657 459.62248944147325
56.15015961420834 -26.04178572222233 460.42826949136463
55.98273211490308 -25.98037699760452 461.23779652518726
55.82042174288574 -25.94302243204878 462.0403914657218
55.665871301538274 -25.890706536951463 462.8241976529778
55.51325344636162 -25.872613271120805 463.60832989521634
55.36604519763161 -25.89677991238668 464.39144802192214
55.128060178618874 -25.869190973713273 465.13904544087075
55.07623781611563 -25.841659300999723 465.92171247053614
54.93280480428817 -25.698967830573423 466.66123882095826
54.713862653828684 -25.741377081473818 467.39077502638986
54.57592718783975 -25.66936930207849 468.1433455806497
54.44084977595096 -25.6657742599834 468.89051337976247
54.30162256124171 -25.600904993390333 469.62322064996255
54.19181432741952 -25.588056975245422 470.3631491141543
54.07285744026578 -25.535155772927048 471.0798509410136
53.96889217177582 -25.50051826120737 471.812233078739
53.94730417860219 -25.436885913704415 472.6174457180267
53.87533571171841 -25.434141959354367 473.410585377791
53.95168753848182 -25.380304643342658 474.2061928874546
53.94988796292325 -25.33798797269547 475.0143634306595
54.01617487311313 -25.283172036563315 475.83643041033565
54.12541897745501 -25.15005603725446 476.66100323994834
54.14303546964928 -25.179600718872173 477.5103766030646
54.29705921473471 -25.063321963237904 478.32024739823476
54.413016446069136 -25.030088675162997 479.16257780502633
54.587174697482276 -24.971662476311643 479.9977940188776
54.74286446435592 -24.920095011734404 480.8212827045908
54.9232147943044 -24.861093747312104 481.66069711138095
55.14067114598029 -24.807215468450703 482.4874649000354
55.36652602119782 -24.751992285880988 483.30898006702586
55.58860637227977 -24.702608053616558 484.1435450306457
55.858100805538626 -24.635585584901982 484.9563020624183
56.16207437120441 -24.579105113310693 485.79719277789303
56.44980714037055 -24.50466286557811 486.61070015596243
56.75530826766799 -24.45484813633633 487.4414447306688
57.09084728541838 -24.486972461354128 488.26455670741194
57.31169923554866 -24.45047595057666 489.071705799836
57.782391364785504 -24.386616708221837 489.88502602637567
58.128564745478485 -24.196103959533886 490.6834210041568
58.413383887567946 -24.2302721171222 491.4944702005771
58.815395454295974 -24.119332912226124 492.31842418239665
59.22877842575066 -24.052423918935354 493.1079187086917
59.62342072998619 -23.979940888131697 493.8775148212464
60.059431638137745 -23.909165153208782 494.6996635181684
60.487820482467 -23.823158223097955 495.48448008437805
60.903654660271854 -23.76628771257129 496.2832471201483
61.470227201757886 -23.66329610427643 497.0286762412597
62.04146531254113 -23.63284219921119 497.7651417251081
62.57881532568872 -23.59361297050312 498.4693989421386
63.17634569028915 -23.527219703640284 499.21591969961946
63.80555601728381 -23.455396126561883 499.8735684643359
64.43001431500593 -23.35670797075979 500.585601641229
65.11295009913466 -23.317909776750607 501.2176394132382
65.80181910013704 -23.220143054251093 501.8264289398663
66.47132335422825 -23.191574862442597 502.46630790297104
67.16613306484484 -23.096222729044825 503.02985560282343
67.87909350215372 -23.059409059221203 503.63397282299036
68.59587056887806 -23.008503535971226 504.20524703356574
69.33989372395203 -22.944166240573605 504.7532520872897
70.06654866600508 -22.88986912175957 505.2614679964945
70.82466846052957 -22.82753229557115 505.7544621033002
71.61321750900125 -22.757243788387342 506.2414302535357
72.37408954133684 -22.721735009061764 506.73082594835336
73.16228845958172 -22.69469368276217 507.19847266365457
73.96605476453954 -22.59092290629558 507.6366246857374
74.7565871685219 -22.501927902445985 508.0589127823588
75.57194197017932 -22.431380422517563 508.44741013627856
76.3391813661474 -22.36795600149797 508.85270077038865
77.1451226683325 -22.388599817400163 509.2345532865649
77.980276802213 -22.298922268655193 509.54818274243667
78.78691264500807 -22.25698123263955 509.8835740042214
79.61128906140547 -22.203800415537234 510.1923046981222
80.44955628117292 -22.145347425404143 510.4948898877256
81.31899647700287 -22.087469761087178 510.7516242367098
82.143466486092 -22.020670796835983 511.00395752107426
82.96810371442905 -21.964016657561203 511.24279543794654
83.9359004188572 -21.842015876911276 511.4363285045433
84.89679998698271 -21.75554524788797 511.6909733903032
85.90263339936178 -21.7912664257088 511.89440575275614
86.92046644360835 -21.719799875911274 512.0791810701672
87.9643013841647 -21.630870292468767 512.1307664636947
88.97435301540769 -21.487979997797385 512.294309551499
89.9795244468173 -21.485480444201098 512.3516111818216
91.02882010657252 -21.3540615416674 512.3686827510278
92.04910230146386 -21.291236300631585 512.4443051899267
93.08179762619018 -21.19372250356727 512.4793076491254
94.13907680606626 -21.118465460898225 512.4842339864366
95.17347754815518 -21.044737283968352 512.51304130266
96.21726482337672 -20.933025288255863 512.4647768024209
97.27116529119657 -20.83020824025014 512.4186905425062
98.31782895728917 -20.782160427685557 512.373829382507
99.37708005663649 -20.694770774611293 512.2876339288175
100.43774732304294 -20.56804917212464 512.2112961798167
101.50521762759013 -20.539417974050412 512.1238263823213
102.58269930785536 -20.441995477547714 511.9987128153746
103.65939090497886 -20.38865557046663 511.88739606054946
104.7247353447693 -20.308071252726272 511.72977215267974
105.79750205446477 -20.22877140945584 511.56734343075584
106.86976149095885 -20.12556165224751 511.40880868104813
107.9493136489918 -20.08834466234992 511.21843555506985
109.02580637199257 -19.989104561702245 511.003875288028
110.09879522217255 -19.920827436816392 510.7879333918258
111.19343392163898 -19.859543918019988 510.57768540558646
112.24304318439309 -19.782131498814955 510.32490068535344
113.29448249942834 -19.7157012273511 510.0685365461899
114.34844147110664 -19.64212838882321 509.8184239921547
115.44708418240086 -19.508506727201116 509.27079293082124
116.54013640190459 -19.48761260860041 508.87218803541714
117.57073588720877 -19.523372538304997 508.39337794469697
118.61283459602913 -19.471780563756987 507.8912826339036
119.59879201192055 -19.396587150825358 507.27769468339596
120.65514446904254 -19.26173998489845 506.75261015950105
121.72909450294571 -19.288319562513777 506.2653260629327
122.77351708894426 -19.080729657302022 505.7311338181019
123.86541714546135 -19.044218574655584 505.22738678407404
124.91983261606104 -18.98082355594633 504.6933592005746
126.02130278846053 -18.90451465801737 504.16076262126836
127.12635519103279 -18.820383595978672 503.63753230559513
128.18802828562454 -18.76370099210434 503.0908219020357
129.25429855784807 -18.67361181899852 502.55494228696216
130.3329300636368 -18.607064049147038 502.0193209180169
131.40959446646673 -18.529732436209763 501.44146143986364
132.50445914980378 -18.434789097199772 500.88645854273904
133.59647563757508 -18.382349843395684 500.32964653067796
134.69073338151557 -18.325757707592416 499.77384553531783
135.8062805985966 -18.3885938108536 499.2347395595957
136.9340751154082 -18.26667011080855 498.7490483563283
137.98380848057786 -18.225863919102583 498.0770441905156
139.06935967407514 -18.055207914411092 497.49465709688656
140.2269396295702 -18.04663935869841 497.0551448966631
141.33854076886962 -17.975990898606383 496.48864984758376
142.4417009465859 -17.915504740462016 495.9057039959624
143.52303557578173 -17.82094108409311 495.31465556694906
144.62113522554705 -17.77530015441606 494.7345064123212
145.73294104291736 -17.69034004550115 494.14843424718435
146.82875543658446 -17.60678378932088 493.56246660443674
147.89737772271206 -17.505932997933808 493.0531033481177
149.0430772356598 -17.446096577101123 492.4871714323487
150.11859886168497 -17.27812934473067 491.8322194782441
151.2352199125284 -17.21721525160001 491.20451736277255
152.42505000954105 -17.120390726640444 490.6936929513553
153.50533829930168 -16.971522015021655 489.98798015977457
154.7164972485213 -16.87453949272418 489.5173890156564
155.86345945384528 -16.81400610579861 488.89627686478264
157.01644506172005 -16.674007535463915 488.2905651891375
158.18806598952395 -16.609770560644925 487.6743283177767
159.3452363065676 -16.504815257610986 487.0630974561547
160.51884423009153 -16.432257385060048 486.4617364965511
161.69031294022653 -16.32683717080748 485.8418914739154
162.87334249485042 -16.18325998478151 485.214864042496
164.05672938106326 -16.051470564502857 484.59305034372426
165.22584236335115 -15.961040579277494 483.9513510731198
166.40846509596292 -15.838198606611892 483.31437211981086
167.5704274742068 -15.595366551270725 482.67767333219564
168.75327221780194 -15.554553770993774 482.0685972780684
169.90532781599444 -15.54909049232519 481.36985443710745
171.14961636105363 -15.46626381486427 480.8738139873311
172.24846579051652 -15.353339094742086 480.0706659996893
173.40051723732316 -15.05924651392014 479.45481911875925
174.62849896327378 -15.052128032455116 478.89131975319975
175.78030596565563 -14.928117736214494 478.1862280375837
176.94849051596236 -14.7965211688501 477.56622537701884
178.11501971181704 -14.734518837458676 476.9011976093366
179.26022668330108 -14.599721845364009 476.2482567226256
180.45501420906186 -14.514375052598686 475.5852771458177
181.585193130844 -14.410591796709705 474.88494751532505
182.76067574945105 -14.242539334950434 474.20599139057344
184.0112277759791 -14.212010373751788 473.73232287565776
185.19819285091674 -14.174336096767794 473.07738375647153
186.38735605548086 -14.09825572217324 472.466755471099
187.5687212133024 -13.99196169941697 471.79722213610574
188.72582203454996 -13.773460311090117 471.1187427402789
189.95611054102008 -13.769618703323303 470.54357056189957
191.15221338036315 -13.57924010260897 469.89150436677187
192.33818866952433 -13.48522282980479 469.2599904702933
193.52909258840953 -13.390163048338152 468.61318599514766
194.72918811179485 -13.30671249685009 467.9702095217032
195.93789445426665 -13.232669066384275 467.35428418970764
197.10846383846126 -13.123866371810529 466.6980195369598
198.2934360516739 -13.000379878913812 466.0654986946933
199.47731955503056 -12.899026454034463 465.40936727255155
200.6273469171729 -12.792340903685707 464.78206276382537
201.7605635986549 -12.687473377550496 464.088686588587
202.90258327251712 -12.538500888390576 463.4492217955496
204.047494355747 -12.454564574755459 462.80904023477586
205.15949751390914 -12.511160359138898 462.1355115457506
206.34826293338435 -12.381336161505384 461.641506088529
207.38636144906727 -12.314573412568569 460.8657613411654
208.47164580250697 -12.049869446366348 460.2484839706264
209.6442702619784 -12.06494435119867 459.75356130347075
210.7360504260282 -11.946108417944679 459.11579098489983
211.8090838322253 -11.838924344464484 458.5079926874629
212.85812519052973 -11.747014481348566 457.9034824154373
213.93890928924543 -11.647745027864762 457.28431518936947
215.0270310342581 -11.553412200679851 456.69650949063043
216.07800341353584 -11.476876910023282 456.0765286275092
217.04235359249853 -11.408596355624647 455.5528485711782
218.01471401979674 -11.334130491440673 455.02567773344913
218.98049587387837 -11.251297476392137 454.5077250836428
219.92624357258302 -11.203076238762675 453.97633122218053
220.9192029943835 -11.176669496800677 453.48949023126704
221.89559653161112 -11.049782558038052 453.0108526155915
222.88762459781066 -10.969723392519068 452.53010391880747
223.8778217722005 -10.914876245596313 452.0695748036417
224.81637666869239 -10.85841027990943 451.59227794553806
225.78553546212433 -10.807404780273293 451.13142777992056
226.7468945087393 -10.733721952845107 450.6752157749723
227.704079748623 -10.680969060333846 450.23707970534497
228.66632761480082 -10.596300957215773 449.83716594101594
229.6160834816752 -10.528143331263124 449.42926944235364
230.58136489104476 -10.43112936612271 449.0134372910519
231.52037147889942 -10.356486076440023 448.67539334434474
232.4538117073115 -10.273479097083317 448.3093771020947
233.38324346006277 -10.184951089507138 447.95410696718943
234.32707111865847 -10.117800530764304 447.6384968628987
235.22936948415932 -10.06620802848979 447.2897304193613
236.19003659903382 -10.016440108942268 447.0483234281115
237.1099609205924 -9.945094812878798 446.75341865883763
238.03081547181336 -9.818248080075488 446.5035318414058
238.9856303062569 -9.770905346659157 446.2999669474187
239.909140806217 -9.697309017976462 446.08379758559454
240.84575243557214 -9.626823906124638 445.9050681385341
241.76855236891444 -9.59456559634398 445.744631871594
242.68755004005672 -9.516424511200475 445.5937243018039
243.66030137378561 -9.45567043248124 445.4437657848555
244.5638738573555 -9.384167524931346 445.2965736450244
245.64076534993194 -9.24744253507775 445.46371137546953
246.69817147190653 -9.23870328266444 445.68764581570974
247.83999683041716 -9.08558790026808 445.86303751096494
248.92521641316895 -9.031744548469737 446.0592570266714
250.0190626734467 -8.947090255909972 446.3654136572489
251.10048820059728 -8.777358034325252 446.6421080967782
252.13439745711148 -8.757328648764268 447.023750377397
253.19701417276912 -8.66951397727716 447.3930055375092
254.2351414101697 -8.532812372697716 447.73383075291713
255.2828345872398 -8.476538591820145 448.1677725968034
256.28921548516354 -8.399231325491728 448.61118309812673
257.28943285629356 -8.310923479636585 449.05334788394543
258.3012030774341 -8.220114939665951 449.5185074979096
259.2994299619402 -8.125434396645215 450.031578449995
260.27794461978414 -8.025109300439794 450.55557879375067
261.26276974436166 -7.914757948501338 451.05399599262523
262.2293596197566 -7.821676227998024 451.6398412304774
263.19460080375444 -7.665987940426254 452.2121552920663
264.15952408910243 -7.568767823172093 452.81185646656354
265.12693404711393 -7.560918479241892 453.4004532311578
266.0742066436553 -7.480228106095457 454.1191378600753
267.031559589961 -7.377188269379884 454.70817106534133
267.9423683747103 -7.144053448613398 455.37735540550915
268.8791533371755 -7.121266911636468 456.1075937088375
269.8029306025284 -7.00999091271678 456.7976267958968
270.70578671721347 -6.906258771801802 457.5318869790744
271.6334398174321 -6.837720543248716 458.26823254722933
272.5081222586193 -6.733937033416867 459.0226141405614
273.39414408785757 -6.652635042177867 459.7848091331051
274.28370436584544 -6.552749325353455 460.5606701344045
275.1159938751778 -6.397169581964533 461.28029971581105
275.7671134118137 -6.39772983305463 462.0717647303488
276.51173255213973 -6.29340722758569 462.76413464766017
277.23068299361864 -6.205367621300203 463.4787772977714
278.01835927465794 -6.121094675055327 464.1974892295878
278.75318946388967 -5.883305898001917 464.9355242339245
279.4933319339756 -5.890934778653468 465.7090257533105
280.23375557264717 -5.662163919853101 466.46981770954784
280.94420739972463 -5.566535557189265 467.2158834960982
281.6472973560209 -5.467696637965277 467.95789242568554
282.35355273468343 -5.3820701430926245 468.74927734678846
283.0514187972689 -5.283245072335708 469.53047924750246
283.735743713057 -5.185773359774238 470.2986865677836
284.3914694656274 -5.062059379334286 471.05010252112595
285.07641622997653 -4.944669975279625 471.82007869042206
285.75137406800053 -4.836892399326407 472.5387350852779
286.42082425559653 -4.735027129310888 473.2868562434373
287.068421407345 -4.597315314879273 474.00511977705736
287.7103128841171 -4.509498299643878 474.74638103921706
288.35455113214647 -4.534543992443159 475.45900522245
288.894069944949 -4.394737086117207 476.27907925539574
289.59981110165245 -4.329604276438912 476.8920289228636
290.2053744013856 -4.125482040898819 477.5849942670279
290.7095513381614 -4.121260127438747 478.413769077336
291.3237799337873 -3.970821518084515 479.10526600553993
291.92884443794776 -3.854516509949194 479.7641469243288
292.51137237928043 -3.7330723896665305 480.44887990783013
293.0967340099431 -3.6507540528422733 481.12458401495775
293.70350837544794 -3.5150030896642095 481.8134000346215
294.27377113582924 -3.4347718601420887 482.4637162919864
294.9744072705706 -3.3817526795193533 482.7966059918039
295.69608441236284 -3.347539298572797 483.11654739886836
296.4547503870592 -3.3235611380739685 483.396033846619
297.1700483790892 -3.261825404447996 483.7026407587716
297.8599004818771 -3.195734249360418 484.01586576503365
298.5870869630689 -3.1617470480379284 484.2421069475946
299.2830772366279 -3.1346209108503613 484.4850667369279
299.9878165210831 -3.11471123921423 484.70342751557223
300.6668368513036 -3.0467353664495542 484.90811355132604
301.32576132277245 -3.0114920790211612 485.11135283637554
302.02782006238533 -2.9698760023599053 485.2803278496781
302.6937681441526 -2.969510376896748 485.4642667275839
303.35890723235747 -2.9208163143683294 485.5999129987285
304.0110826863947 -2.886912860218302 485.7313082664299
304.6676199071307 -2.840941330602889 485.8536124245182
305.30863588731836 -2.8246980888584154 485.96024969984
305.94062500090837 -2.7937876366207166 486.05967693332855
306.58038480794903 -2.7408966228571794 486.1454621729677
307.1921144307622 -2.7095509127912516 486.22191600095994
307.81722905598815 -2.6918797449775855 486.24891199152984
308.40936745010765 -2.650936286929459 486.3045894449515
308.99730168621807 -2.62327885824448 486.33408354090716
309.56898957869896 -2.578917386772692 486.37133924859046
310.1504834133069 -2.565561594803468 486.34769129748855
310.6990772233507 -2.5824085177075196 486.34640240854696
311.24597447660403 -2.5457420362755565 486.34483557998607
311.7731349035082 -2.5656497796046205 486.3158662962734
312.32523464554424 -2.5335161312825942 486.29108338156976
312.8619781452135 -2.528093120676222 486.26633732061754
313.39731653279114 -2.5217952305105604 486.21793754848613
314.09023134607907 -2.568791794848908 485.79869268147473
314.69381194282 -2.4449045261142546 485.2884470270483
315.35209469957584 -2.5109593359840128 484.85816450872954
315.9526547455271 -2.4750171798595892 484.39722677973344
316.4902209085984 -2.4329455918582323 483.85458981956515
317.04093082404603 -2.490129307642886 483.3462895580629
317.49264332256905 -2.448632543990675 482.7434323904978
317.9679394770152 -2.4415774266997308 482.172036630255
318.41527151918194 -2.4066785591952207 481.5810865928271
318.8121313346505 -2.3748237367725955 480.9686604847246
319.20959774018564 -2.357541626915394 480.32662269617333
319.57484085553443 -2.369181478706726 479.67857902381155
319.91459298212357 -2.336439812800481 479.0227388565994
320.19876196198453 -2.3266248551090807 478.36921328578006
320.47207325603136 -2.313865403397695 477.6797064399521
320.7271205992495 -2.311762376510007 476.9931258679453
320.96052135799556 -2.3119082692341832 476.31758551110545
321.1674701703343 -2.342137248407431 475.60136842420826
321.3448111010873 -2.279091274519997 474.8847124269783
321.49664873567593 -2.2485135643423204 474.16842739441387
321.5560506263994 -2.2111917592717063 473.3471017164722
321.70475727741837 -2.200569686528531 472.6979110039309
321.76388974593294 -2.2919759963978015 471.944978205344
321.76492835862837 -2.2137889455913875 471.1133179385374
321.78472657790724 -2.2384968269993104 470.38363490213237
321.78106087790457 -2.256101948777137 469.59607194520714
321.7276285180378 -2.2673199546776024 468.8296609713193
321.67884813067656 -2.2664971332376593 468.0251212896763
321.609313747085 -2.281025202237575 467.2240593392457
321.49621645984894 -2.266166874704381 466.41453997439197
321.4456033589484 -2.2484993528338904 465.680685152968
321.4100773407999 -2.176533224903334 464.94986711200323
321.3127223106043 -2.2010008898017133 464.2281896011156
321.248853488441 -2.1632351447558165 463.463368193288
321.11674271191055 -2.108730555802681 462.71593853969546
320.96929902252185 -2.117584476819024 461.95557123871134
320.79698088905064 -2.072022100844083 461.1689739366277
320.58379571903004 -2.0271564712023133 460.3938617482008
320.3882354604941 -2.014989707309554 459.5975482138568
320.1521195027599 -1.986749137930076 458.7828062182233
319.9273403039676 -1.940796296312671 457.98217269059256
319.700155799632 -1.9162753502210967 457.1593159947605
319.42492858617453 -1.8685676848845563 456.33554328999753
319.14875939045083 -1.842188884712731 455.513942943228
318.8627145482697 -1.8097853610020869 454.6807768224545
318.54140727971884 -1.7565388728139602 453.83890383244045
318.2359651265479 -1.7224418013710059 452.97175438214555
317.9102536446549 -1.7259018409767768 452.1189201293347
317.5684328875691 -1.6878830858159624 451.26570939606347
317.2472376233957 -1.6311088397652946 450.39977758519086
316.8496101204146 -1.5715142411048733 449.5320774206378
316.5158411114935 -1.5295975088865124 448.6522670080334
316.1364499517423 -1.5096199822987162 447.77203414072227
315.7223605839914 -1.4299415757245384 446.88630060205094
315.3368665920482 -1.398146395410373 445.9981628676308
314.93934342838367 -1.3568631392357222 445.099119616275
314.52382905333207 -1.313021962697979 444.20503836391396
314.09007558091787 -1.2530521373510024 443.30548269130105
313.62952085799014 -1.202319398880049 442.4090739792533
313.19346311894776 -1.1428308066418729 441.5132458183196
312.8134378782539 -1.039585773988417 440.5163079626089
312.62346539163826 -0.9967920150182885 439.571437474693
312.2829811658179 -1.1132566553667143 438.67028765738604
311.98670429042033 -1.0643430046455782 437.7476081959292
311.58444547495566 -1.0089630385040185 436.87207765560083
311.23491901980924 -0.8958086017119319 435.99394319848733
310.94720926445 -0.9773531761051808 435.0603397406882
310.6046725934494 -0.8471528503357079 434.1764242394124
310.28551504977924 -0.8087745187882505 433.2672729644502
309.96011241308184 -0.7879269644705195 432.3740911885028
309.65839624369977 -0.7588344780705313 431.4956721036979
309.3701230137787 -0.7521931860242388 430.6182392422546
309.05185446109607 -0.7078209551569412 429.75453164657836
308.7347034319764 -0.7077427553851041 428.8823266415543
308.44444072148445 -0.6723113482078344 428.02521738693963
308.17504950266385 -0.6482016484876427 427.1454919595651
307.874144350508 -0.5864009492163431 426.2901201448634
307.61554691820965 -0.5870307668058119 425.4326616184017
307.3373683839808 -0.6077685965298447 424.5570333807672
307.1259188541385 -0.7256604691435478 423.6772461051897
306.96556982606256 -0.6811368605977878 422.8005455421395
306.6189418360373 -0.6753041189581738 421.9722464746494
306.3818080227217 -0.5120947963756172 421.12887732492663
306.26807309771556 -0.6072668441732709 420.2482788863445
306.0509569468882 -0.6373420865727882 419.38431343244406
305.84415148359244 -0.6345387675605534 418.52499060460474
305.6494826208908 -0.6293365574147889 417.6816739043309
305.4547232456096 -0.6290567369331956 416.8370093161068
305.26883869754533 -0.605402072311235 415.9971127254231
305.1037508997591 -0.5851895525032004 415.15026542365615
304.9774024108177 -0.5539142348923392 414.0628510317452
304.9928679975162 -0.542163017977442 413.01805769716435
304.81395634928845 -0.5334426606649806 411.9622662072262
304.7063013361971 -0.5607507538243327 410.9221422499743
304.6904858143009 -0.5782951487626575 409.8581546769113
304.5761484576891 -0.5071773678888963 408.7979323634205
304.6341130992232 -0.5434266306045985 407.77914588217135
304.63379740965996 -0.5544617873115989 406.7167905074339
304.57399375113135 -0.5141157374090415 405.67549324613526
304.592296428689 -0.558575531363618 404.6430979430535
304.6134660744836 -0.5546446175143698 403.5907682828953
304.6178362207093 -0.5236918416806986 402.5562552068958
304.6769685821209 -0.5108805237218961 401.5305165709472
304.6996751431183 -0.4736978890650102 400.4916308292415
304.7363085503678 -0.47275318929552756 399.44578364493725
304.79792629054765 -0.4530880297363683 398.424604289597
304.85454615443126 -0.40805726543605053 397.3961826862461
304.92957377666994 -0.26334386116940756 396.3734022381548
305.01554851899556 -0.37332805316012824 395.34147818228956
305.0341738569716 -0.4484776037623318 394.3094872552874
305.3068330536443 -0.4814023024396713 393.2644038090023
305.21229383329774 -0.4436939903184399 392.2591540354299
305.31351498222926 -0.1791861194002684 391.24857380107363
305.570814327348 -0.330247488715702 390.19861365403796
305.7043270490118 -0.3189524537053975 389.18482394978207
305.8430436849004 -0.29281011673285684 388.1715580811194
305.9910108731399 -0.30390723768986305 387.1431108273809
306.1242224715633 -0.2848090945612177 386.1470758493221
306.2890768189099 -0.2840811509801062 385.1266679751456
306.40393188954914 -0.278505638697258 384.13285227229534
306.62355825867496 -0.24122445579048635 383.17679082542406
306.9344446238073 -0.24483496806267904 382.2476179991351
307.08717299241397 -0.2183694563420173 381.30681581446083
307.2694639628792 -0.24505899358869282 380.38183481972084
307.5713387702417 -0.24294178348356457 379.5003019899249
307.7665099145363 -0.10919472213992243 378.64266397882074
308.07917004690944 -0.10987091139195893 377.79959655031377
308.35828415561264 -0.14593175419104057 376.9865089345839
308.5823944056024 -0.09836296845479725 376.1676616579279
308.8147750722674 -0.11673459989950688 375.40756280062357
309.04467571406843 -0.09898217939289661 374.6202354166287
309.2457191685217 -0.07273612976268912 373.8620153999554
309.48885569080636 -0.07194914235976962 373.14632026820095
309.70270747380295 -0.046035850606779505 372.4407222548704
309.90055105251395 -0.03171963870057587 371.7324322619126
310.0936141953133 -0.0658663682331247 371.061517388511
310.29230509854307 -0.03819925875680996 370.41785664613997
310.44991267994686 0.11773463358045833 369.7603121649861
310.6285104522205 0.038825731237859984 369.1313251956731
310.69521665023905 -0.010158804830391666 368.48135811691645
311.0263689480595 -0.074902298164637 367.9069019206672
310.9785097024253 -0.04392499386938764 367.282588810429
311.0929858630245 0.18118550469193484 366.71787952667546
311.3306661970038 0.036111575474419455 366.1701371608072
311.4216911160549 0.026412155981343388 365.61895177228325
311.51699620008725 0.07655373545719868 365.0859437720802
311.6603168965097 0.04226107932470757 364.5825878899516
311.7405699159099 0.09372498086298797 364.06439974827435
311.84990058825593 0.08066710085661388 363.5309228944712
311.86077056290065 0.08813264870822679 363.03603570575143
311.86653881829204 0.11349329724369507 362.2170256847583
311.8737262359061 0.0828723690140878 361.4407979506027
311.9058735825518 0.06172630422331177 360.6571016367193
311.88294973341425 0.03909730353896461 359.8649897372978
311.87141718698416 0.044516392460429634 359.0552479890752
311.86994069658414 0.04601939392244708 358.24629435015714
311.87898852513933 0.025860556061364698 357.4551882124714
311.84075332521024 0.01285678689657764 356.65853524142153
311.8373391636448 0.014249406394857195 355.85030760846666
311.8050799249809 0.026039573608623315 355.06044463912195
311.7839680934256 -0.006207036258312218 354.24489554732986
311.78118267773255 -0.001238915902845833 353.45479799711023
311.73622432244395 -0.027369291452703892 352.6461613623499
311.68726864823725 -0.01958880002978647 351.87744833449284
311.6542839285156 -0.04540470723871923 351.10281559263706
311.56441844842453 -0.04224933644940129 350.3125206661223
311.5390371731743 -0.0741094876374846 349.52469443553224
311.4775300060589 -0.08226829492388776 348.7299452287709
311.3989494073299 -0.07410196964624638 347.94147915788244
311.34662507502287 -0.08432297601688196 347.1696258454199
311.28477624345453 -0.11692997571137301 346.39711914800006
311.2066825029427 -0.1133578174224775 345.6277562678888
311.14962078412333 -0.11007580635504122 344.865149106629
311.0759207769248 -0.12713859391933613 344.0995173640396
311.012290480364 -0.0787616328388368 343.3392102238395
310.94080613826895 -0.09073730395296681 342.58485186759856
310.8604772047695 -0.08463231824508127 341.82074506716134
310.7836823010768 -0.10098714910919776 341.06257976075113
310.66185546833384 -0.08588055733256206 340.33601696305385
310.6018672720152 -0.07899550973124492 339.5965523997252
309.97071123694445 -0.010484022325456574 338.9968286584596
309.3260107260163 -0.03515500071308414 338.3592348787138
308.65464505802026 -0.0016520297182195387 337.7386108371783
307.9614245491397 0.032451529284733674 337.10935480868466
307.26001802110335 0.06688154449658629 336.5113842190895
306.6163977702915 0.06676774026556626 335.8275898459194
305.91834478794084 0.10492720011995449 335.1887284116707
305.2140055094658 0.15250360564914361 334.5382562550395
304.51107517550923 0.1638592234414333 333.8731672440919
303.7978800710813 0.18076897502415268 333.1983343573021
303.11036539245515 0.23310796661190408 332.5230445805419
302.3892056786546 0.25997880214942115 331.8627969018646
301.6777300008163 0.30115534313779335 331.2097836271125
300.9502649486558 0.31133856983256647 330.55211823705946
300.24976556600825 0.35468112933313867 329.8628173648432
299.49078091491594 0.3703109793895828 329.196025451405
298.7734693954837 0.38444680244464446 328.5139891470115
298.0460443120215 0.3839327277394088 327.82473273413615
297.3005772025037 0.4292558646030591 327.13513984290165
296.60333478680656 0.466398947681381 326.4101912351143
295.82865073059094 0.4808166755568566 325.73201656687337
295.1197643581815 0.5248746507660167 324.97694274685495
294.3820485460006 0.4998280900979879 324.2476597322976
293.61501144282425 0.5753008828658792 323.55438613477355
292.8611508443613 0.6106433331201063 322.79749956887895
292.13544635559873 0.6139830924048724 322.0672938929829
291.36759374726006 0.6429899357184456 321.27955268942696
290.62714835845736 0.6917727011297348 320.50852240237623
289.92123793455664 0.7178684059105755 319.7474966109639
289.1866363605618 0.7444666357203545 318.9833919149312
288.6431248994602 0.7324456454645598 318.1475344709273
288.0450782153106 0.8690546315898149 317.32743840510267
287.4741093667469 0.8431205781350761 316.4791739489642
286.9113000994365 0.8437643265144594 315.64524829864956
286.3755178279717 0.8736337566450795 314.78766846262215
285.815197201936 0.8496595785902993 313.94879923851096
285.25329471932326 0.8948483293763374 313.1217258761001
284.6882118869124 0.8734962411875757 312.2701196942741
284.1382395201224 0.907432556410513 311.42448491461994
283.5683237336851 0.9058668675164018 310.57948533565934
283.01096025702645 0.9364810524969048 309.69290075355934
282.42592560089207 0.9396944541379607 308.844129902103
281.8614209150781 0.9787578511896567 307.9778974371544
281.3063580446967 0.9610529913002767 307.1184083457995
280.76017230470933 0.984335306090331 306.22106037970076
280.188148099239 1.0187949958165512 305.33961297742536
279.62905589970455 0.9980455987075435 304.4446644387313
279.06991978919996 1.0352604274935757 303.5440658942754
278.489756734201 1.0498670113016664 302.64977300364734
277.92515852350147 1.0956673617092956 301.74907316552793
277.35272481634786 1.0665645245485307 300.8561673012538
276.79482918156765 1.0878187588887207 299.94212172837666
276.23359940361803 1.112462975474536 299.02366740162853
275.62693385222747 1.1156151419195623 298.1474814161143
275.0485674981098 1.0959848402441545 297.2196590488028
274.4880315305387 1.1074783037789602 296.30192118603793
273.90910703532563 1.069454369179132 295.3645760500772
273.36376954819957 1.114327166360441 294.43771058393395
272.7941200160582 1.1022926950085057 293.5461589366714
272.22515442814756 1.1047871668098286 292.6358214481263
271.7005076978088 1.1374387615766408 291.5399775854743
271.1758620450835 1.2108354132789496 290.46573590490743
270.65872115065326 1.1735447672278336 289.38367265978445
270.1035011538513 1.2429378601210972 288.32304604612693
269.5479859013649 1.286678059523359 287.26178606867063
269.01525509633535 1.274249937513797 286.20975098001423
268.42735934450064 1.3418602825007466 285.16172787340076
267.83521395492505 1.3644597805549994 284.1278647388802
267.2352857606821 1.392372665610021 283.0598336080907
266.6594868002953 1.4282269631839277 282.001658498716
266.04396999394424 1.476451395006521 280.96816489599706
265.47119347986126 1.511664260989571 279.9164450930447
264.8664428576482 1.5545045457424918 278.8717598177069
264.2423202390117 1.5706594051538876 277.82921837552715
263.6364141435346 1.6468267655963378 276.7982561307232
263.01524851259103 1.6578687795567444 275.7570671832789
262.40182385281497 1.7158559884703402 274.70397652122364
261.78920788739975 1.684035864623914 273.66119933460675
261.1702204331444 1.761130590993891 272.6280102694851
260.59286110142085 1.825654515583177 271.58338184198414
259.9227397898275 1.879823733741596 270.59138565230666
259.352294991073 1.9043189052227762 269.5251219113998
258.7205426924781 1.892372858367906 268.4998072881911
258.04945772548365 2.0008914582519917 267.50594294943073
257.42280685621 1.9750688046114995 266.5043187490803
256.81818567765885 2.026768974710753 265.4996536034616
256.1813118449343 2.0330623744744134 264.5044456456213
255.5623052721653 2.098339447617338 263.5031962819029
254.91765586458578 2.1251850295665196 262.5107962797866
254.29033191418208 2.15685671130245 261.5070512381573
253.50139206599533 2.2839955866652675 260.3869285433656
252.85810964270945 2.2261885189376613 259.24358500535465
252.18425027389335 2.2154706097331185 258.1004861346354
251.4340429421907 2.3063641361513576 256.9984001097344
250.64618389488038 2.3432992459133732 255.8968867475635
249.91804091045816 2.3941303763286266 254.73506453301331
249.14282572714492 2.409081476452966 253.63491968225387
248.372414987754 2.525923011881205 252.5190820432105
247.60623009091685 2.6040993817095073 251.38373364803618
246.84177754433088 2.6482673520880216 250.2515065684677
246.0988426566543 2.699399365627748 249.108947363874
245.32863447199898 2.736332591107576 247.9551261329865
244.55864837934516 2.7864772051518707 246.821850133996
243.79681531583827 2.8328468702067315 245.67253095227093
243.00342710827988 2.8979163229079377 244.53103770166229
242.2108590968652 2.94823023921294 243.38423175600505
241.38063264761965 3.0248894789624075 242.2358235869883
240.57449959926677 2.976553638087406 241.09872981994414
239.76492068757426 3.086951571708833 239.96397297156568
238.96333957183043 3.092740536816155 238.800250477417
238.14510682013668 3.18323852035818 237.6646087823337
237.32869744389444 3.2099456002923468 236.4971692906886
236.5080474669787 3.2211749242722907 235.3445140377931
235.69130961323 3.2566443458787577 234.18747203125454
234.8256038836705 3.3251241914768315 233.0360643061921
233.96108928694818 3.354204549120572 231.9056009077904
233.0963249230943 3.434597760422397 230.764669319095
232.2376555142222 3.4574089555797127 229.62583473981687
231.37690684852836 3.5238841240068988 228.51140599155846
230.52157517668655 3.5536561689740767 227.357024124394
229.65358022136456 3.673926151231882 226.0913339981428
228.85494382262897 3.755469197519957 224.77579716424742
227.93169140595023 3.659310110713438 223.4847720622267
227.0322181248891 3.7440926910268857 222.24683843838358
226.12415446899317 3.7790661511917487 220.99382946096165
225.26129043666327 3.8382776876228073 219.73573671445175
224.4164880404871 3.8906547266995184 218.47141139900134
223.5667403761654 3.957126910894851 217.22815777589645
222.6665302489415 3.9898610384966173 215.98423761881472
221.81482593816335 4.002382790580929 214.74693583873014
220.94406086463857 4.057109966085452 213.48655741084676
220.08929225526055 4.122752395182394 212.25876018265467
219.23318166649153 4.170786867397565 211.01302746445637
218.38209499913813 4.203362791641391 209.7646543127816
217.53865937110416 4.250943013295972 208.52711035295013
216.65276456295103 4.29510274436362 207.28685900728271
215.8326172490919 4.361370289536428 206.03868857420505
214.97588414929413 4.422067109328212 204.80381203586157
214.1308798165661 4.445529145171276 203.57153959946947
213.29256896271545 4.444553894347072 202.3286096984516
212.50586902494058 4.463514178981005 201.0850668858795
211.62161527457198 4.540899593483732 199.8900672451673
210.8019352641622 4.692886505821145 198.66164337872766
210.01212855422452 4.676500082922656 197.4154088524019
209.21588618829375 4.663624386414382 196.16817479022222
208.4188287871737 4.729014681588465 194.95990731444303
207.62798037291705 4.732354540498907 193.70082992347048
206.8267117743458 4.790525743937424 192.48244512211826
206.02199451273322 4.841670834178537 191.30494449279468
205.2309442223231 4.8835254477572185 190.07517363971266
204.52768565661304 4.9661280175767235 188.93187122427486
203.91150470828356 4.940087386384863 187.6917283496445
203.21614534493762 4.9516540151906705 186.53798938053404
202.50896822811575 4.976941511614041 185.37460784812194
201.80908664591283 4.987135097176195 184.17838854862782
201.09680833825942 5.085560118448507 183.0106429526736
200.46287345263625 5.083028360817032 181.77604440710715
199.84033828147872 5.139708777171628 180.5577579306814
199.16562448863075 5.153837302504475 179.3583835195318
198.5513633400397 5.159409546333996 178.1723893986446
197.89382326548082 5.183203926548975 176.9725326081446
197.27764457482303 5.2333844363242505 175.76357212467758
196.64920152212932 5.2702738098576 174.56765596914218
196.02291770183348 5.232062465999834 173.36713109275456
195.4003327547996 5.311669794574664 172.1501516307061
194.77476361345512 5.348331030510014 170.95697885997953
194.14354097113466 5.3449648611145655 169.75104669254716
193.52683360713337 5.435200131556615 168.55416262575176
192.938076469642 5.439603506962772 167.32509182106773
192.32052766042509 5.3577975181151345 166.11975593181668
191.7923955844047 5.359331836441587 164.86966257941137
191.09055868117844 5.376413013179949 163.71891460759383
190.4933234683129 5.546184219176698 162.5161973570136
189.9900512798685 5.46368678165726 161.22888024769173
189.37953633618227 5.483465539083388 160.0302066454537
188.807251131214 5.526341772044891 158.82315634082732
188.20940652692724 5.535765231196507 157.62016048671717
187.6305101148704 5.5517890069262705 156.38672613987328
187.05605422757262 5.572810184369658 155.164050890681
186.46855672022033 5.604806418888968 153.94226728463983
185.7969326109235 5.733031655138026 152.54808534157866
185.1976908739977 5.705690753974349 151.11283994247097
184.54741632634438 5.681760268079468 149.6986317719176
183.84632492617382 5.7229595458626354 148.29505660866363
183.14668368828174 5.765889581118737 146.88020321397104
182.47492756825372 5.833956010768359 145.45883929788997
181.7783910623635 5.857715917149288 144.0532365324711
181.06390380173715 5.919353032203612 142.66593009121456
180.42191605523678 5.956050876652368 141.24701578975734
179.72741599566405 5.960191686846948 139.84747675187685
179.03803338375775 5.992269899795068 138.45052729890722
178.3926883046871 6.011991308255903 137.02014025977547
177.68407112878535 6.0584889939496405 135.6363416507311
176.99023145804082 6.077053309592256 134.24082107884888
176.28488629922256 6.120378873052967 132.83442835477493
175.56829911840072 6.164980320305245 131.46651919074452
174.8444055311816 6.197864693995131 130.08500555128143
174.1439297176915 6.2365336292170275 128.70269073914264
173.40546024727027 6.280372036963261 127.34366528214998
172.6607935258171 6.252091140727083 125.99418314396422
171.9588004133197 6.304646362740314 124.63629330977525
171.1696316004711 6.322676987390547 123.32334199108968
170.46378040080035 6.417065207702155 121.9933959772871
169.74075308887166 6.405580314416917 120.65572952837184
168.9787600565487 6.450111577134865 119.35796889102649
168.21983831229016 6.515453243590015 118.05935312587705
167.44059584585392 6.529265411791931 116.79721102335738
166.6551218553103 6.581324966074383 115.55027824206746
165.84383024132276 6.656986898227664 114.26543200879144
165.05833452666374 6.690375954901997 113.02554184432798
164.27308403723197 6.7693379853700675 111.83591337793987
163.45570042494194 6.881281625489617 110.63316656426917
162.6701750184672 6.801652036617436 109.42340345275741
161.7925554642572 6.87679331805749 108.27877964625512
160.9508214369913 6.909114495951812 107.12441517763138
160.11690042122717 6.937280629876986 105.93833144647486
159.2592412113328 7.000492727670551 104.77785388301167
158.36406585917982 7.016901950138758 103.64737884065723
157.50897778933464 7.0655030319497145 102.46658695745847
156.61864970939646 7.110182400584722 101.31926366619084
155.7367833841502 7.170607161231348 100.15786677992445
154.83180526756894 7.237180964687771 99.00787318281624
153.93595611929413 7.305608024174626 97.85486520754795
153.03043100742343 7.353394136499661 96.70969098632021
152.13071431214166 7.440310662913428 95.56152793505818
151.20009859688318 7.481139445846908 94.42574012991886
150.28261178261124 7.521891850892371 93.27838646592987
149.3840752304284 7.5761373655350255 92.11284091086735
148.4603222308901 7.627539028616236 90.96842051304529
147.56815200856815 7.700067899625211 89.79947795364386
146.60515486926937 7.7384606829652505 88.68518621756667
145.715234513015 7.802386372876795 87.51436326930511
144.80167864285437 7.860147146259659 86.38069065517843
143.8284760184548 7.910756602990919 85.27729832689164
142.9076750353073 7.923088068796627 84.13072608996656
141.98935671479276 7.970357228541552 82.99577129968583
141.06381731752734 8.005341149002279 81.87110682534404
140.1415228004736 8.07824560007855 80.74846692542417
139.23418865667264 8.10595689371598 79.64183073115154
138.3271877535664 8.154785025000987 78.5327226957524
137.33152429571444 8.227927487780105 77.48211797740458
136.3810018393324 8.215832796469266 76.43322008910417
135.34936659651905 8.289572679452963 75.43547886255757
134.4098656882067 8.3430526379925 74.4014379209395
133.42418087796585 8.398751127440944 73.37637067530704
132.47080270335513 8.490812742853237 72.34322959560075
131.48369660792622 8.513259413990598 71.3062961084986
130.519182509839 8.582335128172206 70.28249035779453
129.55606551972303 8.624939507322418 69.25133750658104
128.59771876094865 8.65613977114827 68.25400592647196
127.61688820806545 8.678443229951952 67.21840729445998
126.66393649384096 8.723239989609846 66.19182322960788
125.67543273632356 8.74962123332635 65.2007586660963
124.70024551428124 8.78918822319287 64.1829286739066
123.71060399658091 8.851970857999664 63.16935041954153
122.72758737963747 8.89392921311402 62.17486275623283
121.7282601503583 8.93254931329535 61.19388630034943
120.72826829938211 9.015318554380883 60.20087307911684
119.72849713483292 9.04338343976292 59.18960900399482
118.71523370386943 9.041900042635092 58.211564871009166
117.75181671005271 9.073495835345291 57.215885921957494
116.73183498583592 9.132779390934388 56.25111112436102
115.74332073490888 9.231021261363638 55.25936283121347
114.75288199310087 9.255131003833089 54.26143570104036
113.77647998023356 9.297100284045676 53.28137401836338
112.81616689945264 9.368270935993115 52.32193155841489
111.86176955931614 9.39478778816559 51.37831842210696
110.88010583256477 9.45068007705662 50.383160611796725
109.90672208510203 9.507510317832013 49.41210367804413
108.95300008598136 9.554561903537802 48.42946654148273
107.87657507946003 9.681960482239337 47.42028460274683
106.94074804670439 9.68536089750646 46.344013527204886
105.89139159437337 9.716383409892396 45.362779593925744
104.8826975944485 9.805634689811397 44.36546817933455
103.83935155846702 9.845976879961944 43.43521000929391
102.80438767742746 9.969897142703228 42.42950890853683
101.80777694568083 9.985485638159352 41.40877153858362
100.80017740609588 10.120282239247064 40.41437856640715
99.76317888645971 10.160089344554676 39.42854136947795
98.74478697975366 10.22345519690552 38.40912623949387
97.73368372076659 10.27469163258966 37.439261883736265
96.71941271085795 10.33370597120313 36.45385563848784
95.70878774268864 10.402166064998347 35.46479436290004
94.69792872444889 10.419580217641794 34.47276758123191
93.69695337583606 10.51833230237462 33.5051139815412
92.70882219064657 10.579549826645597 32.51415490592026
91.69395732325158 10.63769466661331 31.560749932966793
90.7009468486922 10.696590749707665 30.591472645842938
89.69963009228161 10.7341402336087 29.61688995238475
88.70532763994088 10.697820432543478 28.635254206984143
87.75791739816972 10.758464181981662 27.618522404768623
86.70371356484014 10.798153968387737 26.70975653509358
85.70927872704608 10.980753367113044 25.76250889239034
84.76162938107228 10.948139283060646 24.7417614343321
83.77357491159458 10.985962019000283 23.76777852802477
82.81531712975922 11.020063349788497 22.790936112885145
81.83422217659805 11.059811214701398 21.83668154112691
80.85058979605785 11.085441771402996 20.86923254987674
79.88805919193636 11.133880885555332 19.90753757914113
78.9212050391286 11.181844514994614 18.937687643303416
77.98592310357498 11.241639003711912 17.99683392281788
77.05334003801417 11.267350194240542 17.056261347267075
76.12823612837975 11.331386889289583 16.11049027592592
75.19394271137952 11.395305196063555 15.213384683650283
74.24559054042751 11.425744699134063 14.281410170098146
73.31956046307255 11.516419485647235 13.336739119177045
72.3821882693638 11.563411358237364 12.424988503138033
71.4378228054215 11.625199115951363 11.500184188078093
70.50489376971721 11.685430277067876 10.57195302704689
69.54289130805302 11.75078374042084 9.671948576611998
68.6007562986213 11.790060674489403 8.763272039341174
67.63614733067254 11.853700326714424 7.861527012260487
66.68946021125919 11.909341412844617 6.96089316253493
65.74969127079949 11.961685497738953 6.083870940216061
64.7843407641797 12.032748298165183 5.20728638209269
63.83459993136959 12.091805167542645 4.366327321021446
62.872509097507674 12.180950644547352 3.5305436455037977
61.91345485665271 12.221009253596858 2.70818202473059
60.95090681465956 12.274439284540154 1.8817298827964244
59.984858558285595 12.327889645708677 1.0857740479658275
59.05033195459856 12.39273396137702 0.2593641357470702
58.093646108096124 12.422615096440614 -0.5292389408757074
57.15552209796759 12.512872065356902 -1.313077751280339
56.221804453501804 12.547940475856851 -2.1072562605661744
55.29512204977096 12.57242750496837 -2.892838471327856
54.38325636760891 12.628831459746992 -3.6613489687115752
53.46065683302555 12.644590453000783 -4.414359232792457
52.53684188554844 12.709075587375665 -5.174042084515531
51.61143549721991 12.767447567371253 -5.925759860874251
50.69834056179829 12.793359352269828 -6.66396865968386
49.72002582072637 12.832559540086974 -7.712882727354372
48.76173469098292 12.818698837711576 -8.795897909998837
47.74907652646193 12.861126891067963 -9.814218270540293
46.771187062642156 12.855844241452713 -10.817647515633924
45.83802836191837 12.848927340713761 -11.874398839707332
44.92187265229457 12.900809683105022 -12.885618351523116
44.05711852642303 12.898501066237195 -13.895647068767913
43.14814877187873 12.88422168312245 -14.875012230026671
42.27473745696622 12.902775564201137 -15.854101183878875
41.42698369705934 12.865786947507024 -16.805698298859827
40.57215996250719 12.88190838637163 -17.755618702833807
39.75137519968327 12.883852457137559 -18.701251068298312
38.93474447836928 12.90024003271375 -19.591756984420627
38.156154068466826 12.903321384960183 -20.49399419954419
37.370563823741584 12.909203588152195 -21.39716912577321
36.60886316922407 12.923999703455387 -22.25035085539144
35.8566004273646 12.92014698089578 -23.089703805859443
35.12342970771148 12.996336869089555 -23.923758561090718
34.4182778751005 12.963988814695442 -24.75385477336968
33.693516168478084 12.925661134512028 -25.518866122832925
33.05895722539631 12.907970647952244 -26.345216869809427
32.36194588675754 12.898788200696304 -27.07422232778511
31.74274107950422 12.968640442903656 -27.832919850129425
31.11055091515976 12.929059180367002 -28.565128398019386
30.502341328734914 12.943478170915263 -29.27351195872349
29.919684393468426 12.946548563493096 -29.98736116520132
29.334456351497714 12.911861770098655 -30.695729620206436
28.7951565275084 12.929634123932855 -31.37231765528611
28.250639680381518 12.908400155513856 -32.058340572680244
27.723329232860774 12.907890247627332 -32.696414267056355
27.052478790854053 12.859348138674472 -33.237308144157915
26.372753853019805 12.825460212501984 -33.731187438496896
25.707276184414358 12.899566421718491 -34.23455340938452
25.02912353682334 12.897895513673237 -34.741682513822035
24.394915771234064 12.887911565605522 -35.293528301194904
23.71598446675312 12.823324386127192 -35.781843282473886
23.041630727541904 12.834786239992972 -36.24079277488143
22.3343262045575 12.771346924630754 -36.63556870195379
21.68048988323859 12.756298569124194 -37.059735292734096
20.993793373982065 12.762068828792797 -37.460679537031254
20.326674356437106 12.715888284305008 -37.84446546498819
19.666008720583303 12.66839235536521 -38.229820840135964
18.985671332482262 12.630943049796748 -38.57437164171873
18.335710075478914 12.62055560514838 -38.921311549297364
17.646981282146726 12.584344798840878 -39.22615690791324
16.987313878769076 12.558891021114144 -39.53268674353939
16.312852644211937 12.525656471924428 -39.813170535192334
15.654476495195077 12.482406222571054 -40.07151686332038
14.995815595649011 12.47903021709784 -40.33017593688859
14.340754711826982 12.438708989302496 -40.557702790607486
13.673082269229203 12.425129972978405 -40.74959624794114
13.06667196816439 12.367134061791626 -41.01206164126149
12.456880022727622 12.254417376379418 -41.23052751502996
11.762276894067769 12.272990672918588 -41.34173402777971
11.09584652876827 12.254843556550815 -41.47136810764521
10.4676716326281 12.192725262522327 -41.63283738731154
9.815913963443379 12.152766637364884 -41.741921662962895
9.153225586633297 12.129604302596254 -41.880172843184596
8.481047138772869 12.08762339877247 -42.021201435443956
7.8295133345207795 12.044867316188 -42.089138549570784
7.442774963455282 12.046674814408727 -41.52726521457501
7.059283429009543 11.950601641890897 -40.98917859762091
6.7080011228146414 11.979074542468737 -40.46048615198909
6.3320933872632015 11.968162045864107 -39.90948921141477
6.0184411375586855 11.93753750159962 -39.32970287351378
5.726709849950157 11.966954824410111 -38.74655508436052
5.372275172365485 11.875638688627301 -38.219740755971365
5.09533122029892 11.904431973727801 -37.64169011950379
4.782895453607235 11.895230823312756 -37.06632935187625
4.4847150642305 11.876702191530565 -36.47172028088986
4.21846226032835 11.832315146970215 -35.90613802912187
3.8856887198373893 11.795916356073677 -35.330863422759485
3.611356338473878 11.762175645958525 -34.76187352964202
3.352024585149823 11.763410746747132 -34.17653593082148
3.0907425057164293 11.724806392867855 -33.577557449084345
2.8483688545244794 11.692205186569842 -33.00296850583649
2.6048442566879846 11.68282757786678 -32.425302875570935
2.3874369816120726 11.646476955317482 -31.84611448034523
2.152213762961016 11.638526696925366 -31.275358465808353
1.953921989745674 11.53412827812164 -30.693400671947288
1.6954252674988375 11.513590268145332 -30.155375983852963
1.5141590546501735 11.484026625033389 -29.562615810668298
1.3003523344632733 11.48819877580231 -28.986570442017968
1.1032741420735466 11.43939322158576 -28.434075002752685
0.9196354716501807 11.487375021891218 -27.8437576315344
0.7581392451095201 11.445649259991642 -27.281524257937594
0.5949304705107314 11.463410174730639 -26.71447632376789
0.43771235023961985 11.431010128510653 -26.138657951936185
0.2761067934960941 11.422830681487282 -25.56034889419647
0.12795819320112223 11.414796031335054 -25.017514975755475
