0.11884746702678449 -0.11741182184723653 0.9710070115623198
0.2216940522683936 -0.00788733312494292 2.1090700901521497
0.39635235078500475 -0.007130353886177629 3.147948903962595
0.3908615411298655 -0.046827821917675864 4.190194187759437
0.7813051940216054 -0.041048495711312416 5.196584181887975
1.0425210000522096 -0.1061086714194623 6.219767425354831
1.4094834329353827 -0.25035017554929406 7.214662784060752
1.7626498939502953 -0.342915860801295 8.282392627225
2.169388056012672 -0.15511151927608777 9.140561143452281
2.5574252607767063 -0.1809705471490321 10.079018538623046
3.0189702513370626 -0.2216356966158754 10.989008758293972
3.699461698805025 -0.2334501714704001 11.820111046412563
4.266915798479513 -0.276803490430519 12.667973205281513
4.683916092230285 -0.2978893485736162 13.496286949969436
5.339561462728131 -0.31449123874313517 14.12368919284352
6.012643337595701 -0.33738210433042376 14.998926570234742
6.786925793056211 -0.37767788385842366 15.709708550251337
7.534825802226747 -0.40810221035016 16.3774512126742
8.335401535427204 -0.4763930994388984 17.07623310996138
9.156973839214206 -0.4762181596445352 17.722108976179076
9.900606155816881 -0.4939956620359682 18.301515656532704
10.873510361150124 -0.5400703503446137 18.79122546169931
11.769327164143006 -0.536084945220935 19.406997647458336
12.636260033112373 -0.575255269890025 19.931449804496573
13.618492126930759 -0.582505578795359 20.2502192275968
14.595011711597802 -0.6139661618775974 20.747306656540943
15.55532264758308 -0.6322672314889914 21.233861707390705
16.499509811898648 -0.6275314039431535 21.615554555597058
17.48255729725971 -0.6697515194942443 22.040404976991972
18.476079941311117 -0.6848896686585975 22.408811235947205
19.433560163180623 -0.7531745102373274 22.562577397237693
20.449591938897058 -0.6684790548959487 22.754074699123425
21.4612300902692 -0.6353384601663175 22.90753715929373
22.466126021489238 -0.6618170406139807 23.09129923287629
23.469782815925264 -0.654912902392501 23.132759906085226
24.56025280389952 -0.620167267974408 23.177012173123963
25.63573308798499 -0.7011832172148778 23.217893421690096
26.75380183738725 -0.7383505313356039 23.239507977493137
27.852474912850436 -0.6499869895744844 23.25520660433215
28.97917229850625 -0.6368272198973165 23.272375164907878
30.106828594675143 -0.6362896559230362 23.283364803598403
31.245787886406035 -0.585022051585669 23.118533896534448
32.39520209860799 -0.5746111182407281 23.04453357051628
33.5645897431377 -0.5735236524471434 23.10618345154916
34.655273641473954 -0.5664381972237357 22.997082556493464
35.91445103220603 -0.5334315359643743 22.86729570940461
37.15575786727278 -0.5084987443558673 22.714994071955722
38.36168163130935 -0.4973694729062895 22.58796112079883
39.6911602403388 -0.4570692051695802 22.428913987185346
40.99825015552051 -0.43753966554192814 22.262985861146138
42.2636017043779 -0.4230268983103419 22.170121982071024
43.53196813929643 -0.3963006540638492 21.879877468745804
44.95583228816344 -0.3774412990418597 21.6979337603049
46.25859741709837 -0.3667695422990568 21.51981668258584
47.488979498437544 -0.34778954297740505 21.23806917760698
48.9016030639824 -0.346047613010484 21.044942021584237
50.351674949492725 -0.32748288518766844 20.849527372468852
51.64820326669303 -0.28369150721061265 20.715352172951864
53.13564709610833 -0.28968218340478724 20.514334761555034
54.47406265887024 -0.2605977885761969 20.312428761947338
55.93570005307158 -0.33081851301236054 20.043286889045977
57.41772047970461 -0.2432922137363725 19.801511272477324
58.98134620539925 -0.2567520359948506 19.562740081677024
60.57594243997528 -0.28954684731117925 19.295132642767243
62.16733126628654 -0.30649197075581125 19.00936333160868
63.80931895878351 -0.2710452566925155 18.83026169912909
65.4490061986543 -0.3741169100555925 18.51289160154426
67.14294214317937 -0.3993594526592901 18.233514453483213
68.76578365676626 -0.2745369913388424 17.975965452919013
70.49665473182876 -0.35421612703639854 17.682953134598378
72.15635561132947 -0.3023351408657907 17.417479248758326
73.94209881243097 -0.3217125232988697 17.02970062469904
75.58301813564925 -0.33026841126579803 16.752632165332894
77.37729045972422 -0.3730053226781004 16.58322126694867
79.12336075748695 -0.38209268039706995 16.28556942421451
80.97077329021332 -0.3543078826076787 15.91526533034915
82.7758263869254 -0.36893742726247775 15.599486591067718
84.58065272771464 -0.3645470282302432 15.284635730603723
86.41369735847087 -0.3994312836706345 14.906256820129261
88.31623101146958 -0.37607739340188906 14.572039387085221
90.12697521851123 -0.4024151275750498 14.305593714093128
91.98140069057283 -0.3998203934596376 13.883156589324901
93.83314674104578 -0.3957001824430661 13.541503128080384
95.79427140494121 -0.4215097061522954 13.230729490510825
97.6764486160049 -0.41580244125943105 12.862199996811658
99.58234461856699 -0.4075030547714726 12.480797635885756
101.50454845689234 -0.43704376536323003 12.131741502717869
103.46645515846703 -0.45972435511881277 11.844614798722677
105.39652678765752 -0.46766791732315344 11.49625899590501
107.35981938860039 -0.4754751476922839 11.046672800906185
109.07149826905845 -0.511566277037413 10.692574990854819
110.77124899756316 -0.4562521146592972 10.330543436335104
112.56096518495721 -0.4837234020981389 10.015481599151578
114.34638957859815 -0.5131654737308096 9.659094576143527
116.12662198986034 -0.5161941703445463 9.320113338050316
117.95280963044007 -0.4746900262668564 8.937434472097237
119.81578769083667 -0.48996495000344387 8.48619046408895
121.65318573993973 -0.5301629565524892 8.077901937535012
123.42007263886082 -0.44685078630252767 7.690259464399284
125.29133632017086 -0.46842985289051164 7.310443326386819
127.12189776845587 -0.4608010356700485 6.847356286513731
128.8728882581321 -0.44027199995113775 6.354047413729373
130.6913873261316 -0.4545877633999674 5.898447283486367
132.63143364470523 -0.43778473424839426 5.498664215593165
134.40000872531374 -0.4278311961367171 4.98713201499672
136.30544095856493 -0.45534619284458566 4.5473436997352366
138.2254700521723 -0.4233491348566668 4.0246888973095665
140.0716623870784 -0.4041308596392839 3.5101496800682845
142.0278368178404 -0.3788751180040376 2.94040367840449
143.99412079527025 -0.39162303339120796 2.4406866562763074
145.92402579836283 -0.3894173450925843 2.0141096282495354
147.8340963659394 -0.3615582447981112 1.365619107958409
149.82178448652928 -0.38680835192077095 0.8035407453637387
151.8467672869818 -0.35875657981334136 0.27245166116347086
153.62162791805463 -0.3544157896499769 -0.22708719991879178
155.6367627306019 -0.3364214196240704 -0.7407605830393518
157.7581786778383 -0.3356621966232913 -1.3726952608740426
159.69420057472792 -0.36634842232708387 -1.8067848032165372
161.79080428943044 -0.3388616608045 -2.429991525752463
163.79126434719274 -0.3361272593108646 -2.997999388412472
165.77558211732816 -0.41674148977094216 -3.6958827276991553
167.747948445193 -0.2697933608324633 -4.405291237010521
169.8005459927692 -0.31631639901272085 -5.059016437709054
171.90896342359156 -0.29016877712317274 -5.751841643559858
173.96085985464072 -0.3632806805387005 -6.614450139169181
176.01559379211818 -0.2943781388034652 -7.234242734980097
178.00937237703576 -0.385247771750966 -7.9800288121591505
180.18585576110928 -0.34680474550389123 -8.808799350059596
182.24244194651752 -0.22294327593158197 -9.577239106210655
184.35546620894573 -0.25936977912270076 -10.3632600414788
186.35212338567433 -0.18763225183656312 -11.177692146436
188.51109673455622 -0.21012860355200982 -12.09438382908257
190.50114265792553 -0.19026674473559363 -12.908207299523365
192.6432053230379 -0.18819371549130476 -13.667334165939632
194.70626971705093 -0.17101963238701262 -14.523683190576135
196.787053071603 -0.1536958766277377 -15.395300639003066
198.91984517880516 -0.15476683634832777 -16.206795989009915
200.93541613531778 -0.15996013978489554 -17.159896842333964
203.0235170232103 -0.13495490671573795 -18.09232000161508
205.15716461446897 -0.139830185153474 -19.017777121935417
207.1805685916189 -0.14609459197244562 -19.794093902180173
209.19221017562512 -0.14342433179844538 -20.723623864464564
211.4036578474632 -0.1330589638698212 -21.66612444951935
213.4063314105618 -0.11103067206709061 -22.505922777734582
215.34107252495193 -0.0919378170375077 -23.35927343878548
217.43080492316548 -0.10324166587024608 -24.26145568346238
219.51472672392623 -0.10029210910264175 -25.262394664256753
221.49496828297873 -0.0721161148738042 -26.07431720876309
223.56095730313862 -0.08754441773317745 -27.026707300828697
225.6855651191358 -0.06744117469136623 -27.77428751779145
227.72363079467064 -0.10961541476911588 -28.793955019828633
229.80424589363017 -0.0018377601473007904 -29.737036564599556
231.9254140265099 -0.04311410417675986 -30.711187112637873
234.05205123443528 -0.043092630740942245 -31.662410671871978
236.1033971416028 -0.07826471414786978 -32.70523333692907
238.1809120849059 0.0073987740313047334 -33.661640372198995
240.2886163180517 -0.11072706368081447 -34.72498111006744
242.4554099520105 -0.12684482460407137 -35.815819863873195
244.50931848011578 0.03407776773385082 -36.83217458410874
246.59640281899723 0.014600505103420314 -37.88553555016205
248.66976311671823 0.06198639062317762 -38.92083227777705
250.67038627122568 0.0691777410814593 -40.053547330069605
252.682937156783 0.0943614807314459 -41.14637751498602
254.86363976950338 0.09305622746841763 -42.128507830828
256.83530767583903 0.13416989064135404 -43.200308165717004
258.93065099642934 0.16000670089524127 -44.360604328331505
260.93216196282316 0.1792854291895482 -45.532747028575216
262.92446229199777 0.22191920351266003 -46.671567039646426
264.95696880674535 0.21706508656236623 -47.88281105528189
267.0319524370242 0.2524324734050677 -49.016504400994656
269.05922622813654 0.27819400783006165 -50.094320486201724
270.9855974107984 0.2990643769095895 -51.35117844155869
273.01321621355476 0.30107147081922864 -52.52533069882584
275.0621901547692 0.34729304022441715 -53.69672399957121
276.87202849992104 0.3617541636861214 -54.78634721592196
278.9083731101123 0.41862473336687417 -55.998709916185845
281.01458741520105 0.40267197124741894 -57.231541612596615
283.02997365992894 0.43084273747850876 -58.244252789543765
285.0452132400887 0.4544545867712937 -59.50531780157475
286.99835251037103 0.48282826450448113 -60.676730667782046
289.02138145234517 0.4366053225391227 -61.9644829259502
291.12865070743334 0.5551430378097464 -63.159136456948666
293.2728609466928 0.5091952919958702 -64.45114428304964
295.45756098091823 0.5315382322632887 -65.64065347755674
297.53623154539804 0.5324524397091075 -66.89686080827023
299.6350186685078 0.6160213189224105 -68.26119897213796
301.74771479497514 0.5453005351987888 -69.54361005923869
303.9179942617922 0.5000401699765741 -70.87726053879695
306.0802952362233 0.6485487012861951 -72.1580876937757
308.2485714283352 0.6607083562436904 -73.42297318159737
310.3166949850332 0.6688251177170559 -74.76995932000098
312.4075558227462 0.679105734288953 -76.18176598585553
314.42747477057986 0.7051291716972693 -77.50810433497078
316.6496300178676 0.692052204638979 -78.82570552476541
318.6996594066696 0.6698029395227809 -80.13103481773393
320.83329859758436 0.656370863882177 -81.55440274420914
322.9256131278389 0.7701910423480769 -82.91371368092032
324.9364696663704 0.7843852775968607 -84.3586190776178
327.05966510588274 0.8415589267667134 -85.7627579557138
329.19495495212493 0.8258518010813303 -87.18178361572235
331.3332140861851 0.8683914909844979 -88.54886616732291
333.3128913178967 0.9007666837376662 -89.9949500857586
335.45197673973576 0.9271287786883458 -91.45630293777798
337.53394220111153 1.0008705119418821 -92.96767210289983
339.60538432110894 0.9853790161672432 -94.28650815643087
341.7382932773602 1.0050776575457627 -95.68660911169786
343.91637310497714 1.0318518593863781 -97.23085717802479
345.9500320526394 1.0441292890395935 -98.54669492844872
348.0656203230388 1.0837053528488187 -100.06644445277635
350.161974091695 1.1224965782462317 -101.50861523245396
352.19806347313914 1.043264384277915 -103.20198699878955
354.31324675860657 1.2590573525030857 -104.83912287062404
356.41426612436214 1.3289574491751575 -106.5285361093778
358.6257058590432 1.3085891090335753 -108.01429302932867
360.6770294785444 1.3916658121982803 -109.7122316997386
362.7854892061095 1.4535227894933194 -111.37893917535688
364.86751770430453 1.3320271169411888 -113.03519629480543
367.03976503189733 1.2411939684631612 -114.74981672709579
369.17742510659923 1.595412455548225 -116.41643828572165
371.2658889877949 1.5928550722495871 -118.00995474864335
373.3694375006005 1.6973330021573305 -119.6766339914803
375.3897245111668 1.7880964298858075 -121.44652301510828
377.39630713010524 1.8200756414058286 -123.10798327356619
379.63107415954306 1.8825213514999297 -124.63601939088312
381.5434628988685 1.9165318847515516 -126.23711093637488
383.7333450239628 1.9283105945098118 -127.98032170082284
385.74068251696906 2.053211464929243 -129.71496675161444
387.6877423673206 2.1206057173516637 -131.47371009787403
389.6576190967832 2.1543848016164557 -133.19204282290167
391.7863297003836 2.242764882321464 -134.93947187148922
393.8624409818581 2.298863065225958 -136.4663897495934
395.6338962100939 2.3744677572115056 -138.22750944711862
397.6993887814581 2.415142458337652 -140.01675444315234
399.689613335219 2.5192962452352083 -141.74403028721613
401.4916753589607 2.5485770608848455 -143.27192428157232
403.5151355874309 2.59715589021791 -144.9898243080239
405.56936388336214 2.6421992856566625 -146.815845154849
407.5554193129357 2.682028291079443 -148.36673462171896
409.5522084126998 2.7561974159333116 -150.05046414174856
411.5562582670403 2.7962006073234633 -151.70444821306182
413.4113868785689 2.768705995341641 -153.52058533075683
415.3485350315911 3.004122500019429 -155.2376358295483
417.3021609865267 3.0542057082386473 -157.0017949153944
419.3002984452893 3.1033112338590767 -158.66561625564825
421.210818564822 3.1878926883847685 -160.38332761305418
423.1674178666215 3.356213743355229 -162.10366170450845
425.15826541248845 3.346156867198866 -163.8617811080462
427.15515605061745 3.319109634356148 -165.61959384855618
429.18861636473633 3.650734224454803 -167.3606367596103
431.25235959773056 3.6756292565017556 -169.05686247310658
433.21559292095367 3.784840446852841 -170.74948651172917
435.2030058675921 3.89705931044063 -172.5740396827096
437.1758995101546 3.9494523785612348 -174.27042769860887
439.36380846144516 4.036623731522571 -175.8878395117849
441.28903618212394 4.088944716065649 -177.55575749255172
443.47147086668207 4.167803524177936 -179.37930938266655
445.5010920873741 4.323349062616002 -181.1652913765591
447.5219713856785 4.394402861488578 -182.89342944688622
449.6026264442779 4.486136027358363 -184.7370092562002
451.725915045242 4.574577760992854 -186.4552511272246
453.8630699064163 4.648470840574772 -188.0714044008493
455.84788939669176 4.751518893988252 -189.9416748688618
457.95827000123626 4.790008393944932 -191.70783705792138
460.0919290962066 4.879266911492625 -193.44803988976764
462.1638158522254 4.936214145928693 -195.12875220114162
464.30295550080206 5.03114305573593 -196.85625164941388
466.4878090428995 5.123409226551779 -198.69158767188677
468.72863140807317 5.145053127806211 -200.2882835611001
470.8643293997031 5.226653744680503 -202.0000989989672
473.0185856130892 5.343567184821074 -203.69444956860193
474.9550139943161 5.381977547397783 -205.26932753793903
476.8372131634874 5.513114451057443 -206.8973163802437
478.81861234783406 5.59114678360958 -208.526281475412
480.82789042335367 5.6403080432804815 -210.1461057678926
482.84033473908715 5.682222207971186 -211.81850856918632
484.7932515732859 5.758367049100425 -213.37224775284685
486.76739047907114 5.768928067298029 -214.97452245797518
488.79648390007503 5.826854013509404 -216.64303512483625
490.769768539324 5.994979208401367 -218.19777167068563
492.6993028051367 6.038898023761813 -219.79681910878213
494.59862825013664 6.177750984308219 -221.40849921628734
496.68007000641904 6.2044087987723096 -223.0318115140132
498.6238411651373 6.306994028722627 -224.58504942511993
500.576114186727 6.369091135522937 -226.17037630520522
502.537097231314 6.483816686173669 -227.73728992497482
504.5039542198667 6.553014550350431 -229.27223241880236
506.52249245989873 6.635243948929215 -230.81166687754097
508.4035226431801 6.741219371721407 -232.48538739439985
510.32253245757914 6.789263173654452 -234.0489584878699
512.3175033110756 6.884054501778149 -235.6738351952119
514.2952958168507 6.963021346553576 -237.13860092142318
516.1107067736189 7.034877244592236 -238.73005652420073
518.1961325927435 7.063570061286191 -240.39402726753238
520.1285958327888 7.150293878482715 -241.91961750763937
522.0547533370693 7.253547157191225 -243.42876722053393
524.0645324023616 7.339708269718464 -244.98965789241996
526.0175059849316 7.388342439822371 -246.70326378980707
527.978900778335 7.483062907020532 -248.26572675739084
529.8796033638221 7.536721475119787 -249.71616437510045
531.9554519064288 7.628400633815286 -251.2603627221626
534.0669507758275 7.713086525479817 -252.91829451065664
536.0246840423802 7.825441242569742 -254.6463579878971
538.1447888086639 7.91880777690904 -256.326507627282
540.1819382742541 8.022083611608718 -258.12427342310156
542.273392739009 8.08578457061498 -259.8341257749188
544.3334910288819 8.157260775423476 -261.4997787340625
546.4085317301447 8.269326599820236 -263.1917573227356
548.5531509258831 8.420970383606772 -264.9859310141979
550.5643885089189 8.515992614336728 -266.6485517650414
552.6294332969537 8.566974438679978 -268.4272535121191
554.6197655102551 8.756979567901183 -270.10185302331564
556.7708300463914 8.793713817548857 -271.84025573649717
558.7039718397989 8.907228474686264 -273.4626120722508
560.7418398580467 9.014551970392265 -275.2681537536637
562.8023549975081 9.137568365898387 -276.9002954414507
564.8013047572689 9.25263608398123 -278.55319137639816
566.8753587516181 9.323797635657566 -280.22713434774556
568.8393557604348 9.46470128043257 -281.9908005303493
570.8555039263548 9.531204602063333 -283.6653840591124
572.8305810760285 9.635739314373605 -285.3561279664433
574.8481862729274 9.71381617611804 -286.99901530848825
576.8167645474526 9.797145653203343 -288.6999310048542
578.8290953727065 9.858404359305219 -290.3640041589832
580.7515086025561 9.972060070525604 -292.0566977843056
582.8070693591751 10.057237757153631 -293.6468065620943
584.7746755334047 10.175472501960849 -295.2657226754193
586.7498582542328 10.22977247558369 -297.0026426375938
588.7305645020948 10.336469558956114 -298.64525336147403
590.6317993182186 10.423133334806664 -300.2205892626504
592.6454680392907 10.487398593202926 -301.85109570632824
594.3605556850822 10.522774591305968 -303.246892308107
595.9871876212885 10.726727331369483 -304.62884531566635
597.7706870089692 10.781234530734176 -305.9949080346628
599.5313942518188 10.82388994008552 -307.4276365505965
601.3051519761954 10.884514095225818 -308.859144299506
603.148885939113 11.053318382524889 -310.2190320301029
604.9331865844251 11.108959535991591 -311.6850611166369
606.7693177917408 11.16594179252915 -313.15530699239093
608.4913965437731 11.35750645728005 -314.55767976123303
610.2957475025859 11.382443758068716 -316.0622677090792
612.0750129302962 11.527686486372387 -317.48059354602543
613.9070468400377 11.62183366233267 -318.97542374796154
615.6814315530672 11.703711914667414 -320.42164749936745
617.4909752996771 11.778872294136747 -321.8936795542893
619.332866629911 11.88291891592849 -323.3557456580313
621.1758932133549 11.976476118995876 -324.8402388258451
623.0250197681382 12.100915860752188 -326.33482502352825
624.7358799429717 12.203202093664018 -327.94898814934544
626.5372615482935 12.285479844643785 -329.50955927264897
628.3742270500762 12.382732524601973 -331.03819068231707
630.2172968898652 12.472836526057872 -332.5093834948891
631.9330698801166 12.563733325104629 -334.1584417672414
633.7951699394324 12.637037855640756 -335.71594510697344
635.6528617170125 12.757742479108519 -337.2435019890348
637.3079841841854 12.832893822385522 -338.73489261165275
639.1115223828355 12.93147248758934 -340.2832152332594
641.0460936235339 13.008799005647614 -341.98042408361744
642.8315387074417 13.101906956628387 -343.42041918442453
644.6407114762136 13.190401375241816 -344.9942731701069
646.5223384283926 13.285216159697796 -346.45089382426613
648.5191785642004 13.329499131422203 -348.0687994649527
650.4976082975774 13.509298806780023 -349.69973661344244
652.5786546554134 13.607244031580391 -351.3261871788917
654.5986915366575 13.708580716882492 -352.9667687266363
656.6510099146989 13.854773391141228 -354.6073142602326
658.6990585667719 13.944220103434509 -356.2462987221898
660.7373912057635 14.047214851833278 -357.89461929159995
662.8187337449433 14.14634631622613 -359.58179587361
664.8066303280268 14.366621216349348 -361.20620275216436
666.8859705610611 14.40468576378442 -362.8441583942664
668.8774905134469 14.6027643135242 -364.588276352875
670.919436123049 14.690932215959986 -366.22210745836423
672.8886654339473 14.778002028951612 -367.8335641285744
674.9746560277234 14.884036046577645 -369.5549230986225
676.8985803288678 15.000154547027819 -371.1613256059868
678.9873601758356 15.085225161567077 -372.7815141122723
681.013500371229 15.216389324000682 -374.4164619064394
682.9419989418831 15.323835111388085 -376.17397549364966
684.9275850876045 15.436214341355614 -377.8411586395632
686.942333752253 15.522312791639498 -379.51243420294577
688.957517596703 15.643313823347736 -381.07438191291396
690.8769282893602 15.785224269974657 -382.84735404724825
692.8921076399446 15.859374266087261 -384.5272509809522
694.9419194281777 16.02883305432269 -386.2427781788594
696.7464571236962 16.11676258096474 -387.75712662169263
698.6893264862118 16.238440791678794 -389.411160811664
700.6913989531848 16.33986427180642 -391.16824548090153
702.5735746859265 16.445693954023014 -392.93866060161895
704.4772523005147 16.573130596706235 -394.55660220842816
706.5366851551572 16.66280314949359 -396.2065090668037
708.6674039852758 16.663507319980155 -397.9188173112103
710.7458687531716 16.904918783826933 -399.5771735776615
712.9338137455885 16.979215967374046 -401.2034314779108
715.1180068322151 17.049658186431 -402.8591850498579
717.2879666793499 17.08594992476113 -404.5458798954148
719.4825592063995 17.254382617433986 -406.18469567543593
721.649348823579 17.26693807888742 -407.86735303080116
723.8841350662921 17.3193421223814 -409.5903136995777
726.0325732990835 17.563957229685666 -411.23533414935787
728.2439636729741 17.570864657145165 -412.8731601541121
730.3273182439056 17.739740946620447 -414.62041212920235
732.4941667763769 17.821236468498007 -416.3000823570357
734.5596896530044 17.89151229939163 -417.9135199330604
736.7329804042969 17.982301919378166 -419.6105402683876
738.8463551633921 18.047327394872966 -421.2390188452955
740.9393170188048 18.119581741206602 -422.8433440500698
743.0835549064244 18.25196266766594 -424.46527895269094
745.0877143712944 18.358572549634008 -426.2394485081187
747.1890392419945 18.418555341238818 -427.9135655750758
749.2704374110488 18.504777571095484 -429.6006393339186
751.3940732236414 18.56408061059778 -431.11908674756216
753.3879622139652 18.66503467711565 -432.880255561384
755.5372368500979 18.71903712176533 -434.5665607372074
757.5735416780053 18.82100475314966 -436.2549818611156
759.5851849964033 18.890558288785986 -437.7549102280737
761.6351806225173 18.97131856861431 -439.39637567931175
763.7064157903299 19.044702003912388 -441.1415168570193
765.726688085658 19.116051893766777 -442.8038551466991
767.7074353544144 19.200882915412805 -444.41913542737586
769.8001754289477 19.275928111637043 -445.9850469857615
771.6762678283279 19.285775899494606 -447.495747972584
773.6597389672639 19.476822962515314 -449.00709914195147
775.6227429469474 19.584641079298905 -450.4959028549046
777.6367427335938 19.676767830104467 -451.95741184441505
779.5421203814692 19.763304959777933 -453.5095890984612
781.5003607175177 19.80972312333971 -455.0144954418457
783.4645112875562 19.81761245035695 -456.52477866584377
785.4747389525608 19.871140428277137 -458.0803485739031
787.3885780735708 20.15597742091922 -459.55698551530486
789.3973364076659 20.155939820750596 -461.0536274922173
791.3537339713597 20.32985614798573 -462.639962655354
793.2486195115661 20.39875884074692 -464.13580410891734
795.1528090750888 20.4995746743883 -465.6617352472519
797.239101345951 20.576441856867454 -467.14341424062366
799.0455477797157 20.69893591126449 -468.59674846450275
801.0631698482404 20.768775194892193 -470.10391035299756
803.0019681337136 20.88070928830312 -471.62478215939285
804.8494675952104 20.952906760170205 -473.2711027770414
806.8011148693175 21.098587173224644 -474.7858269064597
808.7433233200596 21.147536263044955 -476.32450165377645
810.7778114001004 21.234060560948617 -477.6993540525284
812.625175081638 21.326585177773335 -479.32488460668094
814.6564394947579 21.40263181915731 -480.9275870945039
816.6098125672219 21.543096477539148 -482.4731868633399
818.3517477688911 21.591264350383685 -483.7910084521494
820.3455307412578 21.681943624880155 -485.3165692871113
822.3597471498035 21.77642443537943 -486.90680113244326
824.3258696027654 21.872284302269403 -488.4094273417877
826.2782056415756 21.958977165130037 -489.89147935756745
828.4064507721453 22.03832252883156 -491.30214169702805
830.1471879104231 21.986375393521616 -492.64268288652806
831.8878940848931 22.266496314645863 -493.9762057100409
833.6892149350333 22.315592502107492 -495.27726595916045
835.5814223482255 22.361383573270217 -496.5554087570983
837.3697843157962 22.41209911421163 -497.9762435940996
839.1904671006403 22.536374143071814 -499.2736692712203
840.9870888038766 22.516944300018906 -500.6419099673354
842.8611075726103 22.536293645155716 -502.0158949362734
844.6956489269637 22.83170100240302 -503.3775611031336
846.5558048004291 22.86047442799944 -504.67014960350394
848.3326682085379 22.990106553007998 -506.0893951101089
850.0671045795133 23.093834950512296 -507.55288155614596
851.7602048936816 23.164837435082525 -508.88323115873004
853.6968500160388 23.256176346416456 -510.1564522883054
855.3487681908713 23.315938054215366 -511.46843251961945
857.1314764583326 23.405884152154147 -512.9149153017779
858.902411088322 23.52439800433938 -514.2801471814273
860.5570961805981 23.585120617810134 -515.7513564594839
862.2793246689768 23.665352287222177 -517.2180127487123
864.0631847777335 23.75578648686874 -518.6725141413998
865.788273766831 23.82559769082492 -519.9165805696923
867.3335628275884 23.915144550251586 -521.3757171422651
869.1110393002011 23.994910767518746 -522.8780342066663
870.7987432785675 24.10234968503096 -524.2859049439736
872.374380864181 24.15321863288914 -525.562502455272
874.0489540498825 24.217922302062153 -527.0020039559278
875.7702724329646 24.29514688092378 -528.4908768039858
877.42234640154 24.364445828383147 -529.8408300454588
879.0861722835828 24.43380196771064 -531.1616653047769
880.74901809423 24.51733709707752 -532.5282684773181
882.8026557973238 24.564993047549525 -533.9429413738662
884.8137401125882 24.778908224417115 -535.3872666753706
886.9075083593074 24.872486938289505 -536.7761268151993
889.0065446011466 24.97281918587627 -538.2061868013103
891.0742865705745 25.036141343357283 -539.7036039505216
893.1758568715636 25.157806778902184 -541.0498742311371
895.26035941522 25.214618857289768 -542.4822231872777
897.4121709899134 25.307934425772288 -543.9637309505318
899.4671640377323 25.551739766399844 -545.3599663544944
901.6103284970796 25.619937465085147 -546.8034438807052
903.6268828429028 25.822292657546612 -548.3110565504287
905.7952130932975 25.87723937259519 -549.7552930896771
907.8054289003783 26.012858353648088 -551.153696893714
909.9445287431952 26.13454830433129 -552.6582252163512
912.0429240264478 26.258864251233067 -554.0784641084696
914.141923025851 26.390472480390176 -555.4502893959909
916.2843622994061 26.502246829717503 -556.8792414492854
918.2842692450524 26.664861194785644 -558.4577620736025
920.3110818122988 26.76158263469449 -559.9622428911746
922.4542893422686 26.901276164841583 -561.4695516873369
924.5479963025371 27.021722360426345 -562.82027049475
926.5203867755074 27.14271004272542 -564.4132902281929
928.6768362975749 27.22494310637552 -565.9219142917532
930.7694913451669 27.38887925580894 -567.4161392498762
932.7182075354173 27.470816244459133 -568.7870627746577
934.7570718933662 27.63158680295136 -570.2527608570908
936.8832524080835 27.71506947343673 -571.874877405539
938.9065190662151 27.848735679370634 -573.3305857699398
940.9346300698422 27.955991486842446 -574.7808431074703
943.063138338841 28.084596984171032 -576.2031119640169
945.0362695014048 28.131898585614774 -577.6755209775779
947.0995356512474 28.396787105735413 -579.0801323288745
949.220929557745 28.5331661407247 -580.4893268479351
951.4346323131786 28.647506893825415 -581.8123626023995
953.486162319123 28.804686624112588 -583.290073612363
955.6044507777714 28.923080824716415 -584.6990489114681
957.7414351528512 28.897946356554606 -586.121040559833
959.9274833374556 29.012693570053287 -587.5604458071783
962.0364984834396 29.382679296315253 -588.9503366659769
964.255426087291 29.453220060774864 -590.3018792903594
966.4071867704229 29.64081613464422 -591.7892720973658
968.4627759291709 29.7514249490105 -593.2712153585063
970.4460997687046 29.88557431532885 -594.6382571713791
972.8113719853951 30.027843758488636 -595.9740313045455
974.7928975577454 30.139548385856173 -597.2956481607483
976.9911154747897 30.245287591524658 -598.7422340182916
979.1023013866975 30.410199203846073 -600.1292168243422
981.1118587817632 30.525583172744135 -601.635486433556
983.2630132655224 30.66824002797348 -603.0801765916059
985.4064753385453 30.77347097213771 -604.4893127838004
987.5494120854582 30.91555253166982 -605.7516400187242
989.4952693119935 31.057563249480978 -607.2168275232895
991.635105406167 31.166138038555747 -608.669858831312
993.7420182169244 31.350742054569515 -610.0854057437741
995.6391250068393 31.424868189921597 -611.3330663749339
997.7374288797683 31.532903095739556 -612.723372855284
999.9149795835345 31.680167144492287 -614.1724905714104
1001.9628868385911 31.779662821864804 -615.3472623848636
1004.0208362419695 31.892933569681745 -616.7146997630304
1006.1039968104045 32.00793961322718 -618.0068641360534
1008.2014318043477 32.040562661763005 -619.4005066601793
1010.2792413827842 32.249357907468784 -620.7851799007162
1012.4645973107715 32.35402060780698 -622.0982340614233
1014.6109615255111 32.4629499814262 -623.4359542279077
1016.7337959723881 32.581469297073376 -624.7948240779708
1018.8832021341957 32.70753222541588 -626.0710445637012
1021.0219523049981 32.75294047524987 -627.4082261939907
1023.2137352157932 32.85795782519015 -628.7797164059125
1025.2861753784755 33.096732378639416 -630.1267512904121
1027.447959921638 33.15913102148893 -631.4793096701184
1029.5529021354405 33.3130204649793 -632.8267607182743
1031.6610607639277 33.427912726804465 -634.2209121880384
1033.7427401936602 33.52790180138628 -635.5597222995486
1035.8976717326375 33.65322978847934 -636.8874482423187
1037.9868941948757 33.74860109989133 -638.2211033464728
1040.1511133002348 33.87515454829269 -639.5405776763121
1042.2647875471241 33.99123923416118 -640.9145208712663
1044.3551432943834 34.11163430931906 -642.2962055166862
1046.484271275448 34.20623578472173 -643.6804938491259
1048.6487290662378 34.303179553681176 -645.0374814854808
1050.8040802720434 34.42087461940968 -646.3087742017236
1052.8488840565524 34.52107928679205 -647.6842270676318
1054.9922093901478 34.61031592001138 -649.0112305575232
1057.199740011441 34.739204458611724 -650.363355073292
1059.1976940079064 34.84429091852895 -651.5948991060641
1061.312280515501 34.95945861050211 -652.87434185569
1063.5260635728835 35.055252469177056 -654.249931306568
1065.637947748057 35.14648953648187 -655.5379050718788
1067.7108343251725 35.28373069000841 -656.7784440150193
1069.8806708849982 35.37773586600571 -658.0417605459049
1071.7800013710507 35.309789609551046 -659.3560451227743
1073.8075411361767 35.667665018779154 -660.5882622641777
1075.906783308146 35.788131610927245 -661.8294896024366
1078.1091398795381 35.86861436315798 -662.9452678272041
1080.1587072763132 35.96586901197609 -664.340159682424
1082.3408246730412 36.132156936459175 -665.5784229818786
1084.4692069032562 36.05146803274867 -666.9004037940267
1086.66095083444 36.05628528163584 -668.165943973369
1088.8366083711744 36.496492645540116 -669.4122102043668
1091.083815274938 36.52168970005092 -670.5338491932165
1093.2346391125961 36.6974490719203 -671.9693349600389
1095.288970411091 36.847581415797436 -673.3387314072413
1097.3683930758111 36.91473625983993 -674.5685582861914
1099.728047801114 37.0144609200461 -675.75275114071
1101.7542907346235 37.06784769383227 -676.9861623414837
1104.0235809123087 37.17005961627685 -678.2935684539252
1106.2020686186952 37.36274804199769 -679.5988731439473
1108.2313382048947 37.44335160658868 -681.0630454163123
1110.4380637642953 37.58868342405495 -682.476293595513
1112.7195813772407 37.65535673113316 -683.8745325800354
1114.937333792708 37.7663561202808 -684.972116001319
1116.9232543983562 37.8691756751444 -686.4504045069913
1119.2297105864823 37.981203073136975 -687.8732767302549
1121.4917697178657 38.149017448142416 -689.2616226664092
1123.3700367388433 38.20263207394159 -690.42923870072
1125.6082206970511 38.271798165729464 -691.7500969553772
1128.003061816647 38.39497158205825 -693.1873635633018
1130.1710405188303 38.46187502142719 -694.5333785626574
1132.331344783464 38.57920776395191 -695.7660851487419
1134.6545744938674 38.68733576012104 -696.9398319115776
1136.818109692029 38.71312277838327 -698.2571915926975
1138.9504960904544 39.00435142094162 -699.5748016524973
1141.195059241595 39.1348356290553 -700.8075194731438
1143.4180222048744 39.23054722655813 -702.0923273898554
1145.6151282588908 39.33308664593507 -703.4637419087807
1147.8328872251116 39.43861061539282 -704.6746805967457
1150.0622190160855 39.49999951481566 -705.9906961796586
1152.359225542896 39.60727678241232 -707.2978699807751
1154.4859940276394 39.883296626342705 -708.542290037872
1156.8016212838695 39.892411329732276 -709.8760366580741
1158.9802928611246 40.10111448131902 -711.1562220803023
1161.2034228353405 40.198812383299355 -712.5148046634122
1163.3552180922447 40.3187138359998 -713.7334764331071
1165.6502609493427 40.40513185265135 -715.0041789245149
1167.8156166952592 40.53224008706814 -716.2223606150457
1170.1450323796241 40.642206445888796 -717.4826425318178
1172.4163661296288 40.76368285143222 -718.7684183427592
1174.5680889051073 40.89217327148349 -720.1102457671769
1176.8348364614762 40.972119731028656 -721.4347146914448
1179.131520371657 41.117812641320505 -722.7054602638515
1181.407605593206 41.223678022627674 -723.8727328273242
1183.596378699043 41.341174025841184 -725.2295416269736
1185.9503944459045 41.42640380246798 -726.5077439579105
1188.2847830780877 41.554754757249526 -727.7328682793395
1190.3680365951311 41.646507975132124 -728.9176794294922
1192.6748556133646 41.75102801003386 -730.1989332098902
1195.0415402976228 41.84017153952681 -731.4872144065487
1197.309096803183 41.95434656655694 -732.7146526444719
1199.5630170284703 42.04823384563089 -733.8868806096593
1201.964019876265 42.15208254134873 -735.0443126661983
1204.2007326059081 42.12041744720881 -736.3877083896958
1206.4055020322135 42.400884443529634 -737.6588425081998
1208.753360958562 42.49192764173085 -738.9006167520942
1211.1307518408576 42.55405361217035 -740.1031766124381
1213.4277554452644 42.605558383742945 -741.4574809720748
1215.8703789004771 42.69923632217537 -742.7466465896811
1218.157126483877 42.69879086209887 -744.0406195616837
1220.5365745017352 42.72887751432431 -745.3368970651811
1222.9049279634437 43.04739271140571 -746.6450929792546
1225.2425758418115 43.06045176500258 -747.9170448657322
1227.5763735132816 43.23639736989379 -749.2100488775627
1229.9465439356893 43.35276021549304 -750.6128668004546
1232.1974025349214 43.39761541550413 -751.8809198523472
1234.6672749423567 43.4805861056009 -753.1169244348733
1236.9454846284461 43.58637534857092 -754.3493042650937
1239.4045641503328 43.65258958557343 -755.6489033751471
1241.7773870397773 43.764564314119326 -756.9686201610862
1244.0696001499268 43.882510528729 -758.3756306069419
1246.4040032718087 43.94968538958566 -759.7825526632492
1248.8752655925846 44.04245559203531 -761.1006557447765
1251.2306042186074 44.14125440849503 -762.250754524645
1253.4662818413176 44.210621992644604 -763.6813799116338
1255.9281903954388 44.276088168351066 -765.0254695636958
1258.2987527829944 44.40310505327944 -766.3654012410598
1260.4665927341605 44.4965502953359 -767.5450835211533
1262.8492661070602 44.58964141483483 -768.8345389314228
1265.3212849000156 44.65469799826509 -770.2601726811273
1267.7400133407332 44.760502045106186 -771.504815785173
1269.9749781493501 44.84164163185781 -772.7802086985595
1272.4541530614747 44.9241745881935 -773.8646198997144
1274.8490668469697 44.88002919732075 -775.2221069256858
1277.2882842567653 45.1919427434375 -776.5059230844554
1279.8028389205288 45.194530536562816 -777.811960516473
1282.3532611143783 45.198817447242064 -779.059359655692
1284.8159769448152 45.278057442911546 -780.4152957571215
1287.3147711341448 45.38439452454774 -781.7287940904519
1289.8524035493929 45.36699314312898 -783.0542008550516
1292.4161737406896 45.35504204906277 -784.3870202755004
1294.9198763885768 45.638625903305815 -785.6904087305966
1297.4535086295775 45.648339586998304 -786.9835932051772
1299.9556849753765 45.77043672013251 -788.3779197205616
1302.4289913619132 45.844500554373305 -789.7264095617858
1304.8428967902162 45.909170969536376 -791.0116760424411
1307.4267703201162 45.9659299736887 -792.3065123249719
1309.8049699538972 46.02313470991906 -793.5702622328628
1312.355038674022 46.033967270549674 -794.828754570816
1314.811017617831 46.148788576779964 -796.150605370061
1317.2076343163471 46.21815862972242 -797.5668280414735
1319.663018410989 46.31632010127565 -798.9058098845244
1322.133342569632 46.34821073385648 -800.2283565687137
1324.598047566657 46.42421481997318 -801.3746754508318
1326.9053468638601 46.487048162838384 -802.7962120618082
1329.4608627947873 46.51602934258435 -804.1578581598233
1331.8684865521145 46.625670360672224 -805.4477950172264
1334.1343674363045 46.63569350078362 -806.6385916686042
1336.562722128559 46.6831250793086 -807.8924954031457
1339.0279036278966 46.71056905071906 -809.2390556156946
1341.3518301905729 46.726864948188144 -810.4300094806481
1343.6654834992833 46.76653542033837 -811.699448541903
1346.1295789105325 46.81707106210528 -812.8198785555029
1348.2126502298077 46.80007760098498 -813.9248570474497
1350.306532120895 46.8692087577663 -815.0178200699869
1352.469456498465 46.84141339428809 -816.1089850403158
1354.6384129647347 46.859020731811114 -817.167287037822
1356.7731776847565 46.81814489508997 -818.3017770570366
1358.955873930938 46.917210115356056 -819.4302913359609
1361.0696598867676 46.86813484331115 -820.5139502506328
1363.1661267081286 46.81122153702175 -821.6733927866841
1365.3054127979135 46.885636226348204 -822.799798923058
1367.3859422320904 46.938458034157016 -823.9403382192745
1369.4319652871482 46.94145317109964 -825.1260876598274
1371.576830923673 46.927878660340234 -826.2434629533745
1373.66284792037 46.94685124965324 -827.3982127159452
1375.673292759248 46.975903064978205 -828.617797739593
1377.8275146049461 46.98698517791048 -829.7338132185832
1379.872785402126 46.92194247916196 -830.7917071429143
1381.9000529433454 47.01151501949545 -831.9533718074376
1383.894104320687 47.03182888824286 -833.1528774599366
1385.9237140372334 47.058120623960136 -834.3444496945671
1388.0219552990036 47.049650276715944 -835.5283042235621
1390.0329125167382 47.07103601302531 -836.6142372409973
1391.9212030335868 47.07924948534919 -837.842104037757
1394.0003568434422 47.08161227545605 -839.011977763951
1395.9929774115494 47.096280493020046 -840.1825969565874
1397.843896396878 47.12674643718019 -841.2531702246932
1399.7859029786564 47.125609718721094 -842.3814219112771
1401.813405211138 47.13137141217599 -843.6299795674593
1403.705305798172 47.13168821267191 -844.6981876119258
1405.5564865872072 47.13667932119959 -845.8254484953059
1407.5468782449252 47.13529676676981 -846.7960585974843
1409.7810698178564 47.06289565466351 -847.9220561131641
1412.0304256985444 47.18075725481319 -849.0184909038903
1414.3412469419525 47.164859085306084 -850.0888904565165
1416.6592974978837 47.13046869227954 -851.1234894547468
1418.9195921970634 47.14611329700014 -852.2221742682372
1421.161869005421 47.150623778255444 -853.2574124616074
1423.429857099319 47.08437701528322 -854.315136814348
1425.7347411963033 47.07296857357273 -855.4190359281406
1427.9823932436484 47.20335484475955 -856.4511156978157
1430.3312447786468 47.14916761173552 -857.4571103825389
1432.566140495021 47.19017889531991 -858.5972624301846
1434.8094210086697 47.190209726741124 -859.666904042854
1436.9893231165993 47.170703133914266 -860.6970658660888
1439.3703558874693 47.1917869274863 -861.7381005063459
1441.5241121573777 47.18814203872775 -862.7112508447966
1443.8600757371169 47.19301873870817 -863.7509369363808
1446.1265671163437 47.21743926442177 -864.7576509665691
1448.3512730967577 47.21942590335004 -865.8949359384692
1450.6354620864608 47.21333716774686 -866.9669330686307
1452.917287233374 47.22733462333798 -868.0069138829053
1455.2222300693659 47.225627029940675 -868.9060391190898
1457.4375976590165 47.23846636021144 -870.0649726382247
1459.7650212937863 47.22553260544312 -871.096090724497
1462.070435540936 47.246828312929615 -872.1243072846497
1464.228816660208 47.244318794441185 -873.0710647206212
1466.577723810323 47.249448983234146 -874.0848177320519
1468.8892294365103 47.248650765225854 -875.1571429464303
1471.141308886793 47.2446130488211 -876.1270036100349
1473.476444443323 47.24612486827393 -877.0850536034917
1475.80724265886 47.24718489040391 -878.0962296092595
1477.905949903211 47.199695049331766 -879.068500733532
1480.0391937731097 47.35831456940989 -880.1006394179306
1482.256172785759 47.38806613362289 -881.0472289438825
1484.4739867499632 47.37680645065261 -881.979615990808
1486.6687158383234 47.36649810650777 -883.0659349915849
1488.8364104802827 47.41471599140953 -883.957981588001
1491.038925198507 47.29162336069454 -884.9637827962529
1493.2941806636036 47.29431618241681 -885.990497716044
1495.3644186550075 47.49891830077265 -886.9283544662977
1497.482760562211 47.4937878035772 -887.8976716411014
1499.624659984402 47.554350915013075 -888.883037450856
1501.8048736768899 47.565833388532184 -889.8960405844579
1503.9526949196745 47.60208562072687 -890.8441902059288
1506.0544572316317 47.59889771288876 -891.8364791427875
1508.2716273258345 47.6468872905082 -892.782127432952
1510.3924791801483 47.652440482672155 -893.6153529131424
1512.5468320730356 47.673783603239066 -894.5810078447142
1514.621767559922 47.70226138610644 -895.6630086326012
1516.681031921602 47.68893275706909 -896.6823815111776
1518.9016500249127 47.70108522874433 -897.7147145757949
1521.0144254707398 47.72341864771554 -898.5498251763557
1522.9399885509315 47.729682689144155 -899.6094463133045
1525.232287678705 47.72604533291133 -900.6398624176348
1527.3253650119655 47.727095039968965 -901.5448048603508
1529.2150301442716 47.77391363977578 -902.4698562318375
1531.270423684174 47.8027786579883 -903.3972499146727
1533.5389723107035 47.804181612097985 -904.463366467075
1535.5972321751863 47.814588963542164 -905.2889455198119
1537.6082358851904 47.83228308298127 -906.2471142354925
1539.7288382841132 47.86672449526339 -907.0110904723925
1541.8465043025687 47.85560872269974 -908.080565930077
1543.9064047644945 47.960389514835654 -909.1748636407925
1546.0348983665515 47.97679422953451 -910.2237525758128
1548.1671482051013 47.99504734691115 -911.3152246645292
1550.2619486984274 47.996966254185374 -912.4229038727602
1552.3959963466707 48.04031694770103 -913.4579091590709
1554.5189055892217 48.12739574252377 -914.5612796219865
1556.677348447556 48.123065134369845 -915.6986146674856
1558.7057789438068 48.26333779839593 -916.7594702626285
1560.8058653293688 48.21679208343753 -917.8943020310122
1562.8626400042533 48.34870927091277 -919.0214484763719
1564.9247396176063 48.3727564836162 -920.114967474757
1566.9495599264715 48.39459019418379 -921.2372921450619
1568.969969020179 48.40370231254422 -922.3975320645734
1570.9501903737419 48.438328452741615 -923.4728160136009
1573.0225482350695 48.45379875308324 -924.5671244000549
1575.0316635729878 48.50402356161271 -925.7050626149972
1576.9977477685363 48.52917770623755 -926.9048779218658
1578.9753765251528 48.57906929639336 -928.1001555703164
1580.973072139776 48.589977533924355 -929.2529807494114
1582.9330522374346 48.637230404928154 -930.3201669859628
1584.7977833053644 48.67432076236058 -931.5214989365317
1586.7748244593208 48.710171977428445 -932.7239721271069
1588.7648784195123 48.77443969075387 -933.8762666738346
1590.4878281057186 48.79983495171819 -934.9816187592719
1592.4103371468518 48.842709552451865 -936.107521578113
1594.3846551304243 48.866928875265955 -937.3221433967004
1596.1811181284402 48.890975040562566 -938.4747119156871
1598.0965078752645 48.89945820016067 -939.6246047935018
1599.9971352995406 48.985334889501864 -940.7298971428047
1601.669463507929 48.90547568314438 -941.6521785131608
1603.420372855054 49.14937208820123 -942.5788601986668
1605.2354081638937 49.20857620881952 -943.4859503312639
1607.0778304512476 49.22020547364455 -944.3819968906694
1608.8411795324255 49.26046407443542 -945.4395615521128
1610.6712482013602 49.28420472107577 -946.3736599393345
1612.4981479387868 49.25234148554299 -947.4376401012959
1614.3550449719737 49.26923554933795 -948.5105081494237
1616.0273576567902 49.58777834466914 -949.4773898766856
1617.8664272569993 49.52266403562308 -950.5024804369968
1619.6675284588778 49.692329388295974 -951.6377253336678
1621.3783489231228 49.75112726269432 -952.7352944345429
1623.1092843058564 49.782895952865 -953.8029786550278
1624.9521417985918 49.810212594802096 -954.8811664453825
1626.5933689683638 49.85382385769734 -955.902049935998
1628.4133130069326 49.89609090749269 -956.9536627286977
1630.174769017563 49.96693468197231 -958.0233057480243
1631.8242256057854 50.026702666939 -959.3254887455029
1633.5439752760076 50.046387767027575 -960.5216005036505
1635.3003010826772 50.12031205541912 -961.6779359099436
1637.0163651458479 50.160515360253065 -962.6454494624423
1638.6466643644392 50.230553482470135 -963.9438442500717
1640.4251449994579 50.27911640514279 -965.120672751613
1642.1784081684204 50.348742223407314 -966.3009400569432
1643.6456849448432 50.38520682648116 -967.3494220903102
1645.2652989706376 50.439848529000955 -968.4903167783234
1647.133848650889 50.48249137903866 -969.7281737997669
1648.7164882985999 50.53973127058594 -970.8345131705329
1650.2903940155645 50.57208030960665 -971.9715884469417
1652.020793828596 50.658644281174766 -973.0005501922644
1653.8860995910468 50.67926976707125 -973.8118546080195
1655.7159319193531 50.785246990530375 -974.6916948379352
1657.6131255798928 50.8456067305864 -975.4910049879392
1659.4567357919273 50.866231499323185 -976.329701614881
1661.2875729151247 50.920951283513 -977.1423535988188
1663.13192999424 50.95130403165427 -977.9449449721601
1664.9597195253752 50.961372483449956 -978.739318686824
1666.8015433493542 51.00425330785756 -979.5676852547175
1668.6401671747678 51.12364718434351 -980.357855328803
1670.507340555289 51.126834250118954 -981.1080684532177
1672.3228444521226 51.23347848679825 -982.0355282176293
1674.1124355881766 51.26648703393149 -982.7618617270631
1675.843460734601 51.304990363325466 -983.5176776750973
1677.760079357279 51.360211795387364 -984.3696597220505
1679.4354318403568 51.422296660136396 -985.1158957890806
1681.2445381958717 51.42746942493689 -985.8224150999739
1683.0631451594809 51.48199204985105 -986.5793537238187
1684.7486122077933 51.54624848446735 -987.4244514288232
1686.5401276190942 51.59105636895547 -988.2081875019483
1688.3185819029625 51.62590906838407 -988.9577179920482
1690.098594378447 51.66376339905242 -989.6464831357162
1691.82080756145 51.72023230735034 -990.4506255322948
1693.5580982552492 51.76312716636759 -991.1990325788663
1695.32126610482 51.81405724460404 -991.989449144947
1696.9675268885885 51.87423142984234 -992.6506072542477
1698.6735032150752 51.92146792910077 -993.3484454219265
1700.3979321473955 51.97023300789654 -994.1577739487047
1702.0675103657934 52.02971517358453 -994.8932911567539
1703.7389190050071 52.06192312752066 -995.6390365765658
1705.435926371147 52.11121148485235 -996.3030716894871
1706.8729020923038 52.04563211550128 -997.1136460220976
1708.3873869942067 52.30450477682418 -997.8683296696971
1709.8966452531897 52.36535154771069 -998.640134115004
1711.4848409793128 52.392624957763445 -999.2328652178819
1712.896714890999 52.49864256734592 -1000.0747915031718
1714.4162704384355 52.60063195805381 -1000.8782991444524
1715.8908330096913 52.52758359857597 -1001.7042728480294
1717.4198394417422 52.49862827339993 -1002.5452600109777
1718.8423552116226 52.86604559747664 -1003.3281476005395
1720.2607365777005 52.905446218257886 -1004.040118616232
1721.729013578065 52.981679507340246 -1004.8871391929804
1722.9771448593813 53.089440230443024 -1005.8508800657479
1724.3222837297105 53.15286030065151 -1006.6929944600878
1725.8230605537692 53.19472686904367 -1007.3827899579288
1727.0254400504991 53.27365977164449 -1008.2343966677098
1728.3886104761389 53.334397314925305 -1009.1448538903585
1729.6204382135395 53.43018520845306 -1010.0948120718205
1730.8378433986336 53.497565198277115 -1011.0647106428765
1732.0782372094598 53.55569334010927 -1012.0428937415122
1733.3765625128192 53.65384435901287 -1013.01967812388
1734.5905521772693 53.73126686553345 -1013.8099167087456
1735.5985006205678 53.820908243096206 -1014.8734861826482
1736.8368475211907 53.91682103488234 -1015.9147128580886
1737.9961271800541 54.0044713404309 -1016.9185784326804
1738.9170386857588 54.049298683953495 -1017.7666174289438
1740.0326055685646 54.12084592988977 -1018.7379134160121
1741.2390796853254 54.22003128548028 -1019.8132644455884
1742.2851787773036 54.27388767348745 -1020.7308955799163
1743.35714678832 54.349136973158636 -1021.7122727861071
1744.335550404242 54.43250575660465 -1022.6483363677289
1744.9470131740522 54.452547320687756 -1023.7278253997551
1745.7148381020806 54.69789076056303 -1024.8684872943916
1746.3654365635045 54.80824208696822 -1026.0064328858657
1747.168744834866 54.92693336706034 -1027.083971422296
1747.6718231193033 55.04256221405371 -1028.2981439635275
1748.2829461582858 55.15650808549069 -1029.5521315964495
1748.87114553956 55.1663147928764 -1030.805109976026
1749.4897116604834 55.237116368285434 -1032.138860978204
1749.940698709347 55.594101332089735 -1033.300872013103
1750.4641604202247 55.66119676749927 -1034.5039893485462
1750.9706075714769 55.815147349322466 -1035.8129522604106
1751.2542624592634 55.921720889583135 -1037.1037017962663
1751.6005269060815 56.074735734218855 -1038.4065480483318
1752.13228331511 56.17985528549286 -1039.6132005493346
1752.3449979936909 56.294595552973334 -1040.819473939242
1752.7096841918822 56.43188969365687 -1042.174070339597
1752.8872600086677 56.54389311405035 -1043.4766376492935
1753.06931686174 56.66603574201467 -1044.840418290692
1753.2630628347679 56.768759119549365 -1046.1467293083049
1753.4445575171128 56.92002969741095 -1047.4821186950583
1753.6575961015344 57.047577167924935 -1048.705073850197
1753.6340387079408 57.164417174891554 -1050.0086231597438
1753.7269035658385 57.30786854471341 -1051.4059453756993
1753.793315441922 57.48186990107852 -1052.7558907746807
1753.6773858888273 57.55607568867241 -1053.8390522268326
1753.70581367782 57.67986769245619 -1055.163050485042
1753.753327028858 57.83117989575712 -1056.603981527965
1753.6857617445407 57.94761483692295 -1057.8158464936873
1753.6505098586576 58.09393006051594 -1059.1431162684528
1753.5688208175254 58.20255490009373 -1060.389911135054
1753.2560303239043 58.18410759854751 -1061.3715004459668
1752.9901555014196 58.4332042161796 -1062.4822148312896
1752.7099304571875 58.556600060404755 -1063.57932972297
1752.5638029374907 58.6288033508774 -1064.7267495948713
1752.0859681253648 58.709938622840646 -1065.7940134529488
1751.7791246695822 58.876510154041014 -1066.8521106980565
1751.366968040569 58.79510211086695 -1067.9722878547402
1750.9148956198485 58.846360003985396 -1069.160789616085
1750.4822991931271 59.19170872155497 -1070.2162376930478
1750.0976589851566 59.26104337366186 -1071.3063503760961
1749.6071314491833 59.4365433504456 -1072.4015134824465
1748.9133087672883 59.55487097849529 -1073.4205193643159
1748.3550570939572 59.660653262524704 -1074.4570165767057
1747.9782888476632 59.74545183918089 -1075.5544782681873
1747.3526655330752 59.84838769905431 -1076.4674363066683
1746.7118302862732 59.9807933536432 -1077.590376602292
1746.0040903919364 60.10683545521271 -1078.5959890345794
1745.2323973898808 60.16721735471749 -1079.5433505375308
1744.4306404356673 60.27538541973604 -1080.5547207133209
1743.706728749341 60.40089423198433 -1081.6031265772997
1743.034983204967 60.510083258566766 -1082.5641516191065
1742.1221037317162 60.62222012406093 -1083.3950751116613
1741.2673053329042 60.73538931417942 -1084.3707836613703
1740.4683195924458 60.85993045897541 -1085.432097568078
1739.60563728466 60.954678996370625 -1086.0805411836723
1738.7661742393318 61.048484433612785 -1086.9853727942598
1737.8449280321086 61.163715182790796 -1088.0129523350051
1737.0212098108955 61.25750282398277 -1088.9099105349926
1736.1692147163508 61.33017472022843 -1089.7504937815575
1735.246713660654 61.447711613569396 -1090.6151714407663
1733.937068906269 61.4350430447918 -1091.2179179528423
1732.5692068340395 61.6314874279246 -1091.858994849753
1731.1925669358636 61.7420129702395 -1092.4443997300282
1729.8731736002767 61.828508760272136 -1093.1654242796467
1728.4518797207338 61.899312321320394 -1093.624355596328
1727.0264721269941 62.021836859957 -1094.1459005884506
1725.5853184495218 61.954235836907216 -1094.6569659401707
1724.0512912909749 61.98916894768709 -1095.1434042753383
1722.628927754079 62.27800981738228 -1095.5305212784606
1721.1878405944158 62.31973422314198 -1095.9974181758612
1719.7218156581057 62.430144754854055 -1096.3329523823213
1718.1871844520451 62.49478246495026 -1096.619767949202
1716.751554842942 62.55007187437711 -1096.8794866554667
1715.280098298916 62.65301439969823 -1097.3473896819878
1713.9254748235912 62.715706953851885 -1097.5992774078961
1712.3440921266128 62.79314717775823 -1097.8909601168182
1710.8341916664492 62.8783965480008 -1098.1074790161706
1709.2943393467897 62.92911361004552 -1098.2223162348803
1707.7415334317384 62.97313545065191 -1098.370856473549
1706.1983596743219 63.068366773740344 -1098.5572027024384
1704.8037127520063 63.12475668002488 -1098.7981509279782
1703.2244624911002 63.18179430164354 -1098.7466558835392
1701.6967006769792 63.2457258054158 -1098.8628968039077
1700.1396609935548 63.30253572656232 -1098.9835974524449
1698.7814659583514 63.33488999151689 -1098.963276320867
1697.295709791204 63.384995095181594 -1099.023730453978
1695.6103319476217 63.466137063890415 -1099.1575670248812
1694.1804005696163 63.52272995153996 -1099.213245743582
1692.7209953492163 63.56534944591926 -1099.2016988084195
1691.2723994818316 63.62879808134432 -1099.3065161640532
1689.6350468919075 63.668839190712895 -1099.4383363462168
1687.9986239768168 63.7863287964069 -1099.5350378640992
1686.3782984676473 63.84381023013266 -1099.71163163657
1684.7561603116526 63.927327481887765 -1099.838072937382
1683.1328578313767 63.976262488250306 -1099.9381220559667
1681.4889849397514 64.05248481958327 -1100.0725365942315
1679.9126362778784 64.13222445118936 -1100.1706824670998
1678.2603570435954 64.20376692368913 -1100.2813822772835
1676.6723687915057 64.31514160519848 -1100.382398187301
1675.0736616929564 64.33633945535317 -1100.507226155721
1673.518217381096 64.439573636041 -1100.5218634033852
1671.9815393453573 64.50663069405665 -1100.6060682797502
1670.4388400886908 64.55645687102214 -1100.6912093047054
1668.898101159081 64.63796564926348 -1100.7751772871732
1667.4112125866816 64.69868918370439 -1100.7976859210858
1665.8648455555967 64.75711584490377 -1100.8622069134856
1664.343079513199 64.82166462627224 -1100.9231872806736
1662.847963064681 64.88309885422888 -1100.9259416840891
1661.3536135162742 64.92202189380662 -1100.951386208554
1659.8247633657058 64.97431139911919 -1100.9582877166324
1658.3797034496008 65.0400094703111 -1101.0319352684978
1656.900399303548 65.09601888448724 -1100.9807635447596
1655.4084712422537 65.13457196317295 -1100.969245848105
1653.9392148787301 65.19415599014732 -1101.0019207915382
1652.5288080500213 65.24347822532158 -1100.93265599513
1651.1222165279787 65.27969878708356 -1100.905499509906
1649.6968149076192 65.3284261715888 -1100.849291072817
1648.210498373426 65.38095065607757 -1100.7107570622354
1646.8811564180069 65.3997046155603 -1100.7249201201653
1645.4362707753069 65.45778621817504 -1100.6612860054547
1644.0064990286696 65.35877967594996 -1100.422335652131
1642.4113415212098 65.60900851251328 -1100.2300409589566
1640.9111509350566 65.66168693202742 -1099.9696066808117
1639.411683977249 65.68179424863175 -1099.910405552757
1637.9729377888968 65.71151178212844 -1099.4289752310253
1636.4148524780126 65.7706908278665 -1099.1105727166835
1634.9848030046385 65.61277326638492 -1098.674242411985
1633.4535935502947 65.50614647641406 -1098.2476929638956
1632.0749450296153 65.8185296345729 -1097.7728755977926
1630.7027203629434 65.746474342344 -1097.3729906675467
1629.2847799629867 65.78045407609028 -1096.83641412522
1628.0249309926699 65.78944548943358 -1095.9710500623075
1626.76578736826 65.74154921993681 -1095.3089964720018
1625.4179683191685 65.72315884097922 -1094.943745253435
1624.3685819123675 65.66110645834607 -1094.2585198807185
1623.022544960356 65.65012670228452 -1093.418632503784
1621.852903683716 65.63008607141487 -1092.5732007894096
1620.7267149355202 65.56775009378664 -1091.6873615783413
1619.5042274132074 65.53000499833976 -1090.7182363559555
1618.3135900544567 65.51657168204105 -1089.7760150420536
1617.2508904565072 65.46458420439163 -1088.9885667216574
1616.3472631164177 65.44052448821427 -1087.8398350598961
1615.3056144792272 65.418417773483 -1086.7817533192751
1614.1408949422487 65.3706907551057 -1085.692308271671
1613.583533239039 65.27550243133551 -1084.6840395814459
1612.6217056210378 65.21524764450042 -1083.5927460432456
1611.5536792620737 65.18545703877585 -1082.4432992724558
1610.6489058199459 65.11668492522591 -1081.3017657046228
1609.8186795568408 65.07305478564766 -1080.183084196923
1608.9869218187043 65.0265169880871 -1079.0933697838923
1608.2597436224046 64.81502477558777 -1077.7074526983954
1607.5626872493917 64.94172408353722 -1076.2166974805646
1606.836287447984 64.88314241520757 -1074.8367477777715
1606.0336511027117 64.75788337610557 -1073.4035830911173
1605.4513208897895 64.64943678237687 -1071.8423552816669
1604.6821221041773 64.54691462662674 -1070.2927147695048
1604.13544100332 64.40584789493614 -1068.6882094716357
1603.533945449694 64.28289448683977 -1067.1290144344953
1602.9910432323961 64.40647221128718 -1065.5590649885207
1602.4131696857987 64.22768850070914 -1064.0442187156716
1602.0045849476464 64.21637580530007 -1062.3715713755614
1601.7680531710873 64.19088178870967 -1060.7848267071183
1601.3763807699727 64.09974426782935 -1059.1768378287527
1600.8935414747991 63.98971331252472 -1057.5929090258398
1600.680549091216 63.87588965776191 -1056.0624003719818
1600.365193737998 63.83083359634804 -1054.4066304523583
1600.1326965940232 63.74470650121053 -1052.7818444849954
1600.0502006149543 63.674548161669165 -1051.115961993008
1599.941242968779 63.556038766787 -1049.3988841345513
1599.7982742283864 63.46664378631569 -1047.6449395583227
1599.6061005202218 63.41159347132449 -1046.0860420844272
1599.7403680430987 63.31088524844571 -1044.4129926325763
1599.6549083237821 63.25492521010148 -1042.668175048248
1599.581674972149 63.14366622249932 -1040.8683391012844
1599.7238001855549 63.081100828647045 -1039.4511945573108
1599.8068080125913 63.00139225715734 -1037.7519030132464
1599.764747658957 62.917485796793805 -1035.931950514706
1599.9460414210557 62.82352066689286 -1034.1451584918761
1600.0216700247458 62.77682322579797 -1032.584085131709
1600.054759246358 62.68761309290373 -1030.9120997404884
